0.08935419669302311
0.08634529874743556
0.0832035708675171
0.0805964122079421
0.07786029873259119
0.07557893885398394
0.07317414900736906
0.07116072195224876
0.06903012817950835
0.0672397534890896
0.06533869313432006
0.0637360178089106
0.062029060935428974
0.0605858526004819
0.059044527801223365
0.057737963714776526
0.056339125774420934
0.05515055343422731
0.05387519070040835
0.052789214852988084
0.05162156387861736
0.05050524595954107
0.04955193019081129
0.04852406271253871
0.047644779914446364
0.04669518021706221
0.04588157025629326
0.045001565133785816
0.04424648430453318
0.04342863976028258
0.04272594688485721
0.04196385402655407
0.04130824022405725
0.0405963441312949
0.03998319618363443
0.03931665799967838
0.03874194781638638
0.038116532766097624
0.03757672730477826
0.03698871311874044
0.03648070047197724
0.03592680200160941
0.03544783036004076
0.03492513713596364
0.03447276408161791
0.03397868829198149
0.0335507384359585
0.033082971348890045
0.0326775007525041
0.03223397602408823
0.03184924216787334
0.03142810479768548
0.03106254111356818
0.030662121057998135
0.03031431523490894
0.029933104882074357
0.029601780307825537
0.029238415169833918
0.028922414992253224
0.02857565709064583
0.02827393047619456
0.027942653991854565
0.027654244235891082
0.027337423071021386
0.027061457274753505
0.026758154235884346
0.02649383431413068
0.026203191674707683
0.025949786498350242
0.025671017739725726
0.025427856249108812
0.025160238811628557
0.02492670396363778
0.024669572866456293
0.024445096299766128
0.02419783851020921
0.023981895831136028
0.023743945282767225
0.023536051889034012
0.02330688506280704
0.023106592434891944
0.022885724430453325
0.022692616830516623
0.022479597865332136
0.022293289392364236
0.022087701675242967
0.021907833632345594
0.02170928856543298
0.021535527101277523
0.021343662770919355
0.021175696762614264
0.020990175684862014
0.020827714833864523
0.020648221924951665
0.020490995041407438
0.020317235787416805
0.02016498924151074
0.019996688044775248
0.01984918436641607
0.019686083049046017
0.019543099659558024
0.019384956106935542
0.019246284168454166
0.0190928710976464
0.01895831446765936
0.018809418307523067
0.018678792587508087
0.018534212458837167
0.018407344127255178
0.018266890912690195
0.018143616533729444
0.018007112028340055
0.01788727752879548
0.017754553663282976
0.017638013670818593
0.017508911800192938
0.017395529036989155
0.017269899288366863
0.017159544014815915
0.017037244688681355
0.016929794192373806
0.01681069121225629
0.016706029338011796
0.016589995744069427
0.01648801246121422
0.01637492794368836
0.01627551894717842
0.01616526941610235
0.016068335758441753
0.015960812946356418
0.01586626069757075
0.015761361792329755
0.015669101725529714
0.015566729030566053
0.015476676330880942
0.015376736950567965
0.015288810945446353
0.015201864972478631
0.015105351287796366
0.015020419976261263
0.014926128428681717
0.014843140327981005
0.014750992576559194
0.014669879582538289
0.014579800933976457
0.014500498095031813
0.014412417293557897
0.01433486263008002
0.014248711661695418
0.014172845997788985
0.014088559907751218
0.014014326714268813
0.013931843436776524
0.01385918868478792
0.013778448883926136
0.01370732090782222
0.013628267828908653
0.013558617198408524
0.01348119652895528
0.013412975929347884
0.013337135668920584
0.013270299788929085
0.013195990127245578
0.013130495553954047
0.013057668756620377
0.012993473876949019
0.01292987970619763
0.01285915430925357
0.012796801506058084
0.012727449044065765
0.01266630006791737
0.012598279231977583
0.012538298044132258
0.01247156916956429
0.012412721158579896
0.012347246143799227
0.012289498055462507
0.012225240285617684
0.012168560156962008
0.012105484432007665
0.012049841529145469
0.011987913996053881
0.01193327875556883
0.011872466844404368
0.011818810818067592
0.011759083181669882
0.011706378984262255
0.011647705441302201
0.011595926701340884
0.011544576176499793
0.011487402000514199
0.011436939769039658
0.011380749642391823
0.011331151648966871
0.011275919044100363
0.011227162095833956
0.011172861431962132
0.011124923160014344
0.011071529761180076
0.011024388584419552
0.010971878639766133
0.010925513730335285
0.010873864256453836
0.01082825550712588
0.010777444312353444
0.010732572305573422
0.010682577956125039
0.010638423934634256
0.010589225722459758
0.010545771561409931
0.010502641302191574
0.010454578456068286
0.010412122414615982
0.010364807374045609
0.010323008880768366
0.01027642323319518
0.01023526616432848
0.01018939209760328
0.010148860853001679
0.010103681131053244
0.010063760613059108
0.010019258552739739
0.00997993414606777
0.009936093595107458
0.009897351147688424
0.00985415646369607
0.009815982268426816
0.009778070987147605
0.00973579886854393
0.009698436396170095
0.009656773495055329
0.009619947153387343
0.009578879450284933
0.009542576948993553
0.00950209085167073
0.00946630027353878
0.009426382600812178
0.009391092387645522
0.009351730353918198
0.009316929293090716
0.009278110493582504
0.009243787705182034
0.009205500101817017
0.00917164502636115
0.009138006191528764
0.009100478321310177
0.009067292188058625
0.009030267215576978
0.00899752396846646
0.008960991029229341
0.008928681134564229
0.008892629674798522
0.008860743870559509
0.008825163636147873
0.008793692922353026
0.008758573948239966
0.008727509577713496
0.008692842177758026
0.008662175647286805
0.00863169287529454
0.008597671890948264
0.008567574850833076
0.008533982612685693
0.008504263369551266
0.008471091087878562
0.00844174192279782
0.00840898104628094
0.008379994448971648
0.008347636656639209
0.00831900531843581
0.008287042511930857
0.008258759319038638
0.008230636759288328
0.008199239691887973
0.008171455135075856
0.008140433929721828
0.008112980717144336
0.008082327993316417
0.008055199639701551
0.008024908208470448
0.007998098396344484
0.007968161254168864
0.00794166382844132
0.007912074151204474
0.00788588311396153
0.007856634251236786
0.00783074375673384
0.007804991713380733
0.0077762312269229064
0.007750771381547597
0.0077223359729807735
0.00769716283611842
0.007669046417014291
0.0076441546353880905
0.00761635126788364
0.007591735620186837
0.007564239512335507
0.007539894905169245
0.007512700406463279
0.007488621870423647
0.007464665708580546
0.007437903515161529
0.007414206324087159
0.007387732348043948
0.007364289449224844
0.00733809849892269
0.007314905325310943
0.007288992332424179
0.00726604442511866
0.00724040444097022
0.007217697446015699
0.007192325638046242
0.0071698553033455615
0.007147493612258269
0.007122506230907653
0.007100375119774695
0.00707564444497198
0.007053739901078862
0.007029261477906686
0.007007579580479768
0.00698334905578861
0.006961885973359495
0.0069378990928587025
0.006916651080718778
0.006892903686166759
0.00687186708390831
0.006850927324929315
0.0068275232187279475
0.006806789631867565
0.006783615129643419
0.006763084252928949
0.00674013550950653
0.006719803957347027
0.006697077212141129
0.006676941673216239
0.006654433247900354
0.006634490483118786
0.006614635848747297
0.006592440333750589
0.006572773836298005
0.00655078789094555
0.006531306461545935
0.006509526676089366
0.006490227311516507
0.0064686503489315116
0.00644953010983793
0.006428152703878357
0.006409208713090691
0.006390345119447013
0.006369253668189314
0.006350562201984262
0.006329662530218995
0.006311140460967411
0.006290429533907779
0.006272074187785491
0.006251549033445403
0.0062333577918124074
0.006213015499373832
0.006194985797343385
0.0061748235155742945
0.006156952840626268
0.006139154490316212
0.006119250048015668
0.006101607124737408
0.0060818758974721734
0.0060643860123935625
0.006044825344120101
0.00602748615628088
0.006008093444037678
0.005990902659142266
0.00597167535171455
0.005954630720961149
0.005937652378085873
0.0059186618839682965
0.005901826472110693
0.005882995297581231
0.005866300675483827
0.005847626439057507
0.00583107050715453
0.005812550873591288
0.005796131572985331
0.0057777642521575955
0.005761479563626251
0.0057452557443020275
0.005727106372212413
0.005711014270205868
0.005693011744539555
0.005677049434484875
0.005659191613258656
0.005643357206234016
0.0056256419879016
0.005609933630557786
0.005592358953045181
0.0055767748267590445
0.005561246690126079
0.005543872983061457
0.005528466469833451
0.0055112283784466325
0.005495941752199299
0.005478837344176633
0.00546366890045404
0.005446696278963376
0.005431644344532779
0.00541480164739821
0.005399864579525575
0.005384979093588701
0.005368322040415909
0.005353549065270684
0.005337017486128
0.005322355451267876
0.005305947598015295
0.005291394961068899
0.005275109116802169
0.005260664362893465
0.005244498841235252
0.005230160482361031
0.005215869711970131
0.005199875959022874
0.005185689449602633
0.005169811986884748
0.005155728314095648
0.005139965555761144
0.005125983320102758
0.0051103337078892575
0.005096451534148741
0.00508091353676622
0.00506713007348135
0.005053390570021238
0.005038011745063857
0.0050243690137251945
0.005009098140232043
0.004995550885832666
0.004980386521401858
0.004966933470753662
0.004951874197413394
0.004938514098845181
0.004925195242140891
0.004910285701597709
0.004897058001694748
0.004882250158638418
0.004869112414858374
0.004854404931867378
0.004841355963486149
0.004826747525307431
0.004813786171130205
0.00479927548420784
0.004786400602154817
0.004773563890985436
0.004759192298268041
0.004746440421148676
0.004732163482512777
0.004719495342663074
0.004705311836125801
0.004692726354522039
0.004678635077831514
0.004666131192836569
0.004652130963061388
0.004639707630063823
0.004627319655541613
0.004613448790834914
0.0046011398700867845
0.004587357218856958
0.0045751263476120595
0.004561430790682098
0.004549276980510455
0.0045356674163088105
0.004523589694298085
0.00451154521120463
0.004498057675984039
0.004486087885684307
0.004472683703777205
0.0044607876701170945
0.004447465798057816
0.004435642599338662
0.0044224020097294115
0.004410650738417884
0.004397490419606726
0.004385810182051604
0.004374160769865066
0.004361114156622762
0.004349534496583429
0.00433656572930636
0.00432505496062975
0.004312163079636999
0.00430072035448885
0.004287904414496342
0.004276528897737776
0.004263787967575296
0.0042524788365139
0.004241198303671056
0.004228563414759586
0.0042173480878470206
0.004204785976071327
0.004193635061842348
0.004181144842610723
0.004170057559445028
0.004157638361092418
0.004146613938771588
0.004135616426585123
0.0041232974572750275
0.004112361701441926
0.004100111662384347
0.004089236919640373
0.004077054981821358
0.004066240519563703
0.004054125865823978
0.004043370961908388
0.0040313227867179394
0.004020626729260359
0.004009955644195343
0.003998001060421982
0.0039873878010228585
0.003975497763142925
0.0039649416417508535
0.00395311538258509
0.003942615721146289
0.003930852484196201
0.003920408614082308
0.00390870765333045
0.003898318915162786
0.003887953347541944
0.0038763398253854916
0.0038660284442252374
0.0038544754077810515
0.0038442175755076004
0.0038327243132959586
0.003822519401003877
0.0038110852111844307
0.003800932598477123
0.0037908017831199295
0.0037794503404513157
0.003769370935054423
0.003758076879802294
0.0037480482839972883
0.0037368109460601154
0.00372683256745895
0.003715651285609433
0.0037057225396593847
0.0036945966613830894
0.0036847169712247584
0.003674857488300219
0.0036638089637809302
0.003653997709393997
0.0036430030212959595
0.0036332394366533904
0.0036222979611118295
0.0036125814946422817
0.0036016926158227366
0.003592022723047374
0.0035811858330016366
0.003571561976407398
0.003561956836396686
0.00355119226694565
0.0035416323921700515
0.003530918350763017
0.0035214032200197786
0.003510739124594977
0.003501268223225352
0.0034906534989966186
0.0034812263187701383
0.003471816712960299
0.00346127045088485
0.003451903837117306
0.0034414055646487187
0.0034320814497035158
0.0034216306158969642
0.0034123485125963533
0.0034019445732236713
0.003392704000326244
0.0033823464177579333
0.003373146899854876
0.0033639636205554046
0.0033536700328792033
0.003344527126316725
0.003334278602489657
0.003325175606817818
0.0033149716307755424
0.0033059080896332333
0.0032957481514072325
0.0032867236138234895
0.003276607209434954
0.003267621229735712
0.0032586502250975874
0.003248593617050785
0.0032396605303842588
0.003229646243409522
0.00322075064129393
0.0032107781909217524
0.0032019196449198047
0.0031919885522165617
0.003183166638788702
0.0031732764302609922
0.0031644907306814097
0.0031557188067891802
0.003145884438009433
0.003137148126320161
0.0031273535014973764
0.003118652394350344
0.003108897057636289
0.003100230751900537
0.0030905142524762135
0.003081882349473234
0.0030732632963276713
0.003063599580461479
0.00305501435679164
0.003045388391877778
0.0030368366091779384
0.0030272479606436725
0.003018729234597744
0.003009177472519295
0.0030006914229295427
0.0029911761219522178
0.002982722372669313
0.0029742803724185246
0.0029648142774300894
0.002956404035994718
0.00294697337614934
0.0029385945265437783
0.002929198891154409
0.002920851070201668
0.0029114900528034943
0.0029031729010705696
0.0028938460993484516
0.0028855592610828916
0.0028772831155902136
0.00286800212081046
0.0028597557758902876
0.0028505080252970304
0.002842291133431437
0.0028330762379264627
0.0028248884550582864
0.0028157060293752625
0.002807547014849358
0.002798396677487674
0.0027902660939932555
0.0027821451854224692
0.002773037415232393
0.0027649444504652555
0.0027558678461265906
0.002747802495225666
0.002738756687113605
0.002730718623283299
0.0027217032452460928
0.0027136921447791225
0.002704706834077594
0.002696722376302461
0.0026887466081712695
0.002679800766241159
0.0026718511765138875
0.0026629345234143844
0.002655010797988804
0.0026461229816081623
0.002638224809230082
0.0026293654805980013
0.002621492552812379
0.002612661366044468
0.00260481337714743
0.0025960099893906465
0.00258818663638242
0.002580370824292445
0.0025716033797272236
0.002563811763197256
0.002555071285330154
0.0025473035670394205
0.0025385897222698446
0.002530845607428748
0.002522158064937997
0.0025144372612441873
0.002505775692945139
0.002498077910540434
0.002490386734156876
0.0024817582612063327
0.002474089683303047
0.002465486386234913
0.002457840121918691
0.002449261680800051
0.002441637447458825
0.002433083544853421
0.002425481062115937
0.0024169513830375753
0.0024093703727338634
0.0024017950486600057
0.002393295707865758
0.002385741448633376
0.0023772655628655163
0.0023697320945810308
0.0023612793559543155
0.0023537664067701503
0.0023453365096259317
0.002337843809703369
0.002329436450566153
0.002321963732038967
0.0023135786095737475
0.0023061256065126123
0.0022986771897481554
0.0022903192148981174
0.00228289012123523
0.0022745536449118556
0.002267143611904902
0.0022588283386726746
0.002251437105664512
0.002243142742015226
0.0022357700501036276
0.002227496304416304
0.0022201418964211466
0.0022118884789227014
0.002204552099353937
0.0021972192048342813
0.002188989822193238
0.002181674575867878
0.002173464808146562
0.002166166957221971
0.002157976519365526
0.002150695812593664
0.002142524421187873
0.0021352606088358133
0.002127107982069782
0.0021198608158901344
0.00211172667351969
0.002104495906721842
0.0020972675117293085
0.002089154344857065
0.002081941978028189
0.0020738466017303113
0.002066650018169675
0.0020585721557316145
0.002051391111856366
0.0020433304879241025
0.002036164741436492
0.002028121081981347
0.002020970391842115
0.0020129434241262863
0.0020058075505289463
0.001998672912172749
0.0019906638892652757
0.0019835437020271963
0.001975550690990853
0.0019684447161208178
0.0019604674465196594
0.0019533754463524206
0.0019454136488304364
0.001938335386760743
0.0019303887930080903
0.001923324033466811
0.0019153923761867787
0.0019083408846180398
0.001901289456352985
0.001893372716691462
0.0018863341933592825
0.0018784317185662213
0.0018714058657624316
0.0018635173895377723
0.0018565039737142236
0.0018486292305480356
0.001841628018990427
0.0018337667441296398
0.0018267775049361356
0.0018189294343520287
0.0018119519364130584
0.0018041168067695283
0.0017971508197488514
0.0017901834356130882
0.0017823596493225322
0.0017754034111610634
0.001767591896494073
0.0017606465729522588
0.0017528470659176733
0.0017459124262397823
0.0017381246632921124
0.0017312004773020792
0.0017234241953082102
0.0017165102333918064
0.001708745169598504
0.0017018412026870398
0.0016940870946893596
0.0016871928942450499
0.0016802957283797678
0.0016725492966319976
0.001665661524581694
0.0016579253726671534
0.0016510467634916202
0.001643320626439118
0.0016364509495243814
0.0016287345624226351
0.0016218735874649127
0.001614166685427207
0.001607314182418736
0.0015996165005484756
0.0015927722397653852
0.0015850835131226142
0.0015782472651150435
0.0015705672286840772
0.0015637387642687495
0.0015569053168968728
0.0015492285487256115
0.0015424024948517947
0.001534733721089669
0.001527914827158743
0.0015202537775844001
0.0015134418100472469
0.0015057882139988374
0.0014989829393016263
0.0014913365256367269
0.0014845377102129156
0.0014768982072694322
0.001470105617534832
0.0014624727530930138
0.0014556861554442455
0.0014480596566899988
0.001441278817506713
0.0014344906963847
0.001426862744190022
0.0014200799621479614
0.001412457644024511
0.0014056799604090617
0.001398062994896256
0.0013912901686780538
0.0013836782732242984
0.001376910062992778
0.0013693029539033623
0.0013625391178657034
0.0013549365102514862
0.001348176806236181
0.0013405784139632199
0.0013338225994288164
0.0013262281350691926
0.0013194759671188367
0.001311885141902893
0.00130513637730537
0.0012983771992989314
0.0012907790118799967
0.001284022764976597
0.001276427421115727
0.0012696738506798703
0.0012620810475997967
0.0012553298981012612
0.0012477393309265365
0.0012409903459441745
0.0012334017076204508
0.0012266546298527457
0.00121906761106572
0.0012123221823490144
0.001204736471443255
0.0011979924327786828
0.001190407715676518
0.0011836648072668155
0.0011760807673875746
0.0011693387286851034
0.001161755046864973
0.001155013616632465
0.0011474299710453537
0.0011406888874311019
0.0011339322455324846
0.001126332629319848
0.0011195757504968988
0.0011119752504858747
0.001105217852299045
0.0010976161223868672
0.0010908579206926744
0.0010832546107259289
0.0010764953197028118
0.0010688900753135016
0.0010621294075012094
0.001054521869937241
0.0010477595362918541
0.0010401493422416905
0.0010333850522086952
0.0010257718336199677
0.0010190052952281817
0.0010113886791199968
0.0010046195990995746
0.0009969992073683032
0.0009902272912965602
0.000982602740514839
0.0009758276929942286
0.0009681985942029664
0.0009614201190762321
0.0009537860775693537
0.000947003878177709
0.0009393644932794394
0.0009325782727705688
0.0009257659467287505
0.000918095908154938
0.0009112786793397834
0.0009036021147650844
0.0008967796380722885
0.0008890960979547234
0.0008822680248683593
0.0008745770503222455
0.000867743028994429
0.0008600441512726119
0.0008532038266381225
0.0008454965665734782
0.0008386495805059815
0.0008309334479073521
0.0008240794394251236
0.0008163539324221663
0.0008094925379527265
0.0008017571422832162
0.0007948879959981163
0.000787142184230254
0.0007802649184634544
0.0007725081491444169
0.000765622394910388
0.0007578541116309086
0.0007509594992618455
0.0007431791296247308
0.0007362752895502708
0.0007284822440286211
0.0007215688077263411
0.0007137624783944917
0.0007068390795454909
0.0006990188386624719
0.0006920851145537791
0.0006842503129750022
0.0006773059061997745
0.000669455871587733
0.0006625004321056897
0.0006546344669042199
0.0006476676545391073
0.0006397850336681231
0.0006328065211370204
0.0006249064893548982
0.0006179159659468968
0.0006099977348155762
0.0006029949108661369
0.0005959184268132899
0.0005879302662851569
0.0005808384477040233
0.0005728309671923198
0.0005657231851810146
0.000557695579034958
0.000550571183802778
0.0005425226280720141
0.0005353809469837874
0.0005273106021635177
0.0005201509373711061
0.0005120579527563291
0.0005048795782832341
0.0004967630986057873
0.0004895652566987023
0.00048142443200658127
0.00047420632849289317
0.0004660403286466017
0.00045880112692824927
0.00045060916269759724
0.0004433479758525514
0.00043512932949639764
0.0004278452097232049
0.0004195992792743832
0.00041229120356185
0.00040401756705244304
0.00039668441742071736
0.00038838292633259597
0.0003810234621694062
0.0003726943780501591
0.0003653071967873696
0.00035695139212244616
0.00034953487248483056
0.00034115412794288625
0.00033370634679056774
0.0003253037939578642
0.00031782240256218454
0.00030940318729754816
0.00030188522443815605
0.00029345750500582503
0.0002858991103843277
0.0002774755605126957
0.00026987152908960636
0.00026147158886298213
0.0002538146692866579
0.00024546785938813186
0.00023774763996500144
0.00022949826145873378
0.00022169939747108833
0.00021361269856072715
0.00020571211851446583
0.00019788113639855484
0.00018984377168376233
0.0001823940285284591
0.00017320372569932502
0.00016748268136393358
0.0001579737271607481
0.00015261487830481435
0.0001427101428153372
0.00013780738608115646
0.0001274326282647527
0.0001230800706516177
0.0001122462608018083
0.00010851916885105514
0.00009758870680889734
0.00009450902263512107
0.00008459269202945229
0.00008208576272036751
0.00007441405335296065
0.00007232686074764602
0.00006689034094423915
0.0000650817075146708
0.00006120014024319332