0.11831000191272402	 0.10201352989215393	 0.028765289747236127	 0.11823694364639713
0.11805391965750169	 0.10201352989215393	 0.05765158907962942	 0.1179739203075529
0.11779783740227934	 0.10203394629120001	 0.08675172429293292	 0.11771009730539922
0.11754175514705699	 0.10203394629120001	 0.11588255947302625	 0.11744714210566697
0.11728567289183464	 0.10203394629120001	 0.14513676927579905	 0.11718421991210291
0.1170295906366123	 0.10203394629120001	 0.17451515558204658	 0.1169213307219428
0.11677350838138996	 0.10203394629120001	 0.20401852726743788	 0.11665847453240014
0.11651742612616761	 0.10203394629120001	 0.2336477002790931	 0.11639565134066586
0.11626134387094526	 0.10203394629120001	 0.26340349771317	 0.11613286114390847
0.1160052616157229	 0.10205436269024606	 0.29338157180462143	 0.11586927202998275
0.11574917936050055	 0.10205436269024606	 0.3233932865911656	 0.11560654999194139
0.1154930971052782	 0.10205436269024606	 0.35353413942279494	 0.11534386093966513
0.11523701485005589	 0.10205436269024606	 0.3838049827921942	 0.11508120487022981
0.11498093259483352	 0.10205436269024606	 0.4142066767447393	 0.11481858178068853
0.11472485033961118	 0.10205436269024606	 0.4447400889624751	 0.11455599166807129
0.11446876808438883	 0.10205436269024606	 0.47540609484921736	 0.11429343452938491
0.11421268582916648	 0.10205436269024606	 0.5062055776167971	 0.11403091036161321
0.11395660357394415	 0.10207477908929213	 0.5372375839155772	 0.11376758812762296
0.1137005213187218	 0.10207477908929213	 0.5683068771704398	 0.1135051321402032
0.11344443906349945	 0.10207477908929213	 0.5995123453480538	 0.11324270911375209
0.1131883568082771	 0.10207477908929213	 0.6308549037822185	 0.11298031904515818
0.11293227455305475	 0.10207477908929213	 0.662335476063762	 0.11271796193128651
0.11267619229783239	 0.10207477908929213	 0.693954994134022	 0.11245563776897849
0.11242011004261007	 0.10207477908929213	 0.7257143983796017	 0.11219334655505173
0.11216402778738772	 0.10209519548833819	 0.7577158596986	 0.11193025801948966
0.11190794553216536	 0.10209519548833819	 0.789758071855539	 0.11166803500407624
0.11165186327694301	 0.10209519548833819	 0.8219430436919324	 0.11140584492643243
0.11139578102172067	 0.10209519548833819	 0.8542717503534134	 0.11114368778327843
0.11113969876649833	 0.10209519548833819	 0.8867451759245275	 0.11088156357131006
0.11088361651127598	 0.10209519548833819	 0.9193643135315716	 0.110619472287199
0.11062753425605364	 0.10209519548833819	 0.952130165446859	 0.11035741392759243
0.11037145200083129	 0.10211561188738427	 0.9851481805671057	 0.11009455899017476
0.11011536974560894	 0.10211561188738427	 1.018210690070719	 0.10983256884660705
0.10985928749038659	 0.10211561188738427	 1.0514229773743218	 0.10957061161624407
0.10960320523516426	 0.10211561188738427	 1.0847860824106705	 0.10930868729563292
0.10934712297994191	 0.10211561188738427	 1.1183010548020826	 0.10904679588129602
0.10909104072471956	 0.10211561188738427	 1.1519689539737485	 0.10878493736973066
0.10883495846949721	 0.10211561188738427	 1.1857908492686349	 0.10852311175740925
0.10857887621427485	 0.10213602828643034	 1.2198756316665231	 0.10826049031032212
0.10832279395905253	 0.10213602828643034	 1.2540089576278897	 0.1079987329309546
0.10806671170383018	 0.10213602828643034	 1.2882995491857698	 0.10773700843881882
0.10781062944860782	 0.10213602828643034	 1.3227485165407962	 0.10747531683028431
0.10755454719338547	 0.10213602828643034	 1.3573569804108099	 0.10721365810169514
0.10729846493816313	 0.10213602828643034	 1.3921260721559072	 0.10695203224936972
0.10704238268294078	 0.10213602828643034	 1.4270569339052772	 0.10669043926960071
0.10678630042771844	 0.1021564446854764	 1.4622620740270413	 0.10642805119731262
0.1065302181724961	 0.1021564446854764	 1.497520141325753	 0.1061665264668297
0.10627413591727375	 0.1021564446854764	 1.5329434717223345	 0.10590503459615278
0.1060180536620514	 0.1021564446854764	 1.5685332517324793	 0.10564357558146889
0.10576197140682905	 0.1021564446854764	 1.6042906793031149	 0.10538214941893878
0.10550588915160672	 0.1021564446854764	 1.6402169639506292	 0.10512075610469691
0.10524980689638437	 0.1021564446854764	 1.6763133269011083	 0.10485939563485115
0.10499372464116202	 0.10217686108452248	 1.7126960814177452	 0.10459724081391394
0.10473764238593967	 0.10217686108452248	 1.7491365131424024	 0.10433594860913357
0.10448156013071731	 0.10217686108452248	 1.7857507593683843	 0.1040746892352331
0.10422547787549497	 0.10217686108452248	 1.822540089609593	 0.10381346268821172
0.10396939562027264	 0.10217686108452248	 1.8595057858222739	 0.10355226896404167
0.10371331336505028	 0.10217686108452248	 1.8966491425580732	 0.10329110805866801
0.10345723110982794	 0.10217686108452248	 1.93397146711936	 0.10302997996800857
0.10320114885460559	 0.10219727748356854	 1.9715930784582922	 0.10276805826684617
0.10294506659938324	 0.10219727748356854	 2.0092775190338577	 0.10250699845651107
0.10268898434416089	 0.10219727748356854	 2.047144928297622	 0.10224597144657856
0.10243290208893856	 0.10219727748356854	 2.0851966661602606	 0.1019849772328545
0.10217681983371621	 0.10219727748356854	 2.123434106095238	 0.10172401581111692
0.10192073757849386	 0.10219727748356854	 2.161858635308588	 0.10146308717711584
0.10166465532327151	 0.10219727748356854	 2.200471654911249	 0.10120219132657327
0.10140857306804915	 0.1022176938826146	 2.2393977048296163	 0.10094050260525646
0.10115249081282683	 0.1022176938826146	 2.278392177657235	 0.10067967504981225
0.10089640855760448	 0.1022176938826146	 2.3175794302985704	 0.1004188802626879
0.10064032630238212	 0.1022176938826146	 2.3569609212660607	 0.10015811823948997
0.10038424404715977	 0.1022176938826146	 2.3965381238787726	 0.09989738897579627
0.10012816179193743	 0.1022176938826146	 2.436312526451072	 0.09963669246715576
0.09987207953671508	 0.10223811028166066	 2.4764124702957373	 0.09937520372202627
0.09961599728149274	 0.10223811028166066	 2.516586016549354	 0.09911457552035258
0.0993599150262704	 0.10223811028166066	 2.556961320539357	 0.0988539800578577
0.09910383277104805	 0.10223811028166066	 2.5975399325126824	 0.09859341732997208
0.0988477505158257	 0.10223811028166066	 2.638323418699442	 0.09833288733209661
0.09859166826060335	 0.10223811028166066	 2.6793133615197613	 0.09807239005960244
0.09833558600538102	 0.10223811028166066	 2.720511359793842	 0.09781192550783113
0.09807950375015866	 0.10225852668070674	 2.7620504187485677	 0.09755066945764057
0.09782342149493632	 0.10225852668070674	 2.803669615338795	 0.09729027322682651
0.09756733923971397	 0.10225852668070674	 2.8455017653650354	 0.09702990969996897
0.09731125698449163	 0.10225852668070674	 2.887548535421276	 0.09676957887228688
0.09705517472926928	 0.10225852668070674	 2.9298116096023925	 0.0965092807389687
0.09679909247404693	 0.10225852668070674	 2.972292689734826	 0.09624901529517225
0.09654301021882458	 0.10227894307975278	 3.0151289886287564	 0.09598795898578848
0.09628692796360223	 0.10227894307975278	 3.058051488173409	 0.09572776187409822
0.09603084570837989	 0.10227894307975278	 3.1011972089059547	 0.0954675974343682
0.09577476345315755	 0.10227894307975278	 3.144567925966734	 0.09520746566163021
0.0955186811979352	 0.10227894307975278	 3.188165433437401	 0.09494736655088458
0.09526259894271284	 0.10227894307975278	 3.2319915445946226	 0.09468730009710018
0.09500651668749051	 0.10227894307975278	 3.276048092167861	 0.09442726629521411
0.09475043443226816	 0.10229935947879887	 3.3204774605651175	 0.09416644236407785
0.09449435217704581	 0.10229935947879887	 3.365000695092232	 0.09390647690766575
0.09423826992182346	 0.10229935947879887	 3.4097599846301234	 0.09364654408462408
0.09398218766660112	 0.10229935947879887	 3.4547572423888484	 0.09338664388975954
0.09372610541137878	 0.10229935947879887	 3.4999944023843956	 0.09312677631784623
0.09347002315615643	 0.10229935947879887	 3.545473419722706	 0.09286694136362564
0.09321394090093407	 0.10231977587784495	 3.591341353093751	 0.09260631691146581
0.09295785864571174	 0.10231977587784495	 3.6373102791186094	 0.0923465503132845
0.09270177639048939	 0.10231977587784495	 3.683527058340873	 0.09208681631340451
0.09244569413526704	 0.10231977587784495	 3.729993733168483	 0.09182711490643279
0.0921896118800447	 0.10231977587784495	 3.7767123685913537	 0.09156744608694273
0.09193352962482235	 0.10231977587784495	 3.823685052494791	 0.09130780984947401
0.09167744736960001	 0.102340192276891	 3.871063756815696	 0.09104738474464691
0.09142136511437766	 0.102340192276891	 3.9185511436561278	 0.09078781687357405
0.0911652828591553	 0.102340192276891	 3.9662989843440806	 0.09052828156423279
0.09090920060393297	 0.102340192276891	 4.014309461594537	 0.09026877881102396
0.09065311834871062	 0.102340192276891	 4.062584782665703	 0.09000930860831381
0.09039703609348827	 0.102340192276891	 4.111127179705447	 0.08974987095043382
0.09014095383826592	 0.10236060867593708	 4.160093793565926	 0.08948964505503064
0.08988487158304358	 0.10236060867593708	 4.2091773959186	 0.08923027577373259
0.08962878932782123	 0.10236060867593708	 4.258534924740323	 0.0889709390160391
0.0893727070725989	 0.10236060867593708	 4.308168715329424	 0.08871163477613817
0.08911662481737653	 0.10236060867593708	 4.358081129696867	 0.08845236304818203
0.0888605425621542	 0.10236060867593708	 4.408274556949821	 0.08819312382628701
0.08860446030693185	 0.10238102507498313	 4.458911580721105	 0.08793309699594297
0.0883483780517095	 0.10238102507498313	 4.509674573686386	 0.0876739261606869
0.08809229579648716	 0.10238102507498313	 4.560725914579107	 0.08741478780929048
0.08783621354126481	 0.10238102507498313	 4.612068104870071	 0.08715568193572175
0.08758013128604246	 0.10238102507498313	 4.663703675146507	 0.08689660853391167
0.08732404903082013	 0.10238102507498313	 4.715635185537549	 0.0866375675977541
0.08706796677559776	 0.10240144147402921	 4.7680309561768235	 0.08637773968144476
0.08681188452037542	 0.10240144147402921	 4.820562416680363	 0.08611876714189856
0.08655580226515308	 0.10240144147402921	 4.873397680554865	 0.08585982704478459
0.08629972000993073	 0.10240144147402921	 4.92653943051236	 0.08560091938384312
0.08604363775470837	 0.10240144147402921	 4.979990381049616	 0.08534204415277616
0.08578755549948604	 0.10240144147402921	 5.033753278920921	 0.0850832013452472
0.08553147324426369	 0.10242185787307526	 5.0880024961787	 0.08482357218507082
0.08527539098904136	 0.10242185787307526	 5.142397936669845	 0.08456479778408951
0.085019308733819	 0.10242185787307526	 5.197113764452456	 0.08430605578236097
0.08476322647859665	 0.10242185787307526	 5.252152860219698	 0.08404734617338958
0.08450714422337431	 0.10242185787307526	 5.307518139416879	 0.08378866895064006
0.08425106196815196	 0.10242185787307526	 5.363212552767799	 0.08353002410753725
0.0839949797129296	 0.10244227427212134	 5.419416863412816	 0.08327059353848221
0.08373889745770727	 0.10244227427212134	 5.475778824587609	 0.08301201711187935
0.08348281520248492	 0.10244227427212134	 5.532478990505734	 0.08275347303952332
0.08322673294726257	 0.10244227427212134	 5.589520458472903	 0.08249496131467389
0.08297065069204022	 0.10244227427212134	 5.646906363853348	 0.08223648193054962
0.08271456843681788	 0.10244227427212134	 5.704639880656964	 0.08197803488032776
0.08245848618159554	 0.1024626906711674	 5.762908528324425	 0.08171880273002308
0.0822024039263732	 0.1024626906711674	 5.821347238635317	 0.08146042410632601
0.08194632167115083	 0.1024626906711674	 5.88014332169384	 0.08120207778996338
0.0816902394159285	 0.1024626906711674	 5.93930011219541	 0.08094376377394089
0.08143415716070615	 0.1024626906711674	 5.998820986585376	 0.08068548205122156
0.0811780749054838	 0.1024626906711674	 6.0587093637153036	 0.08042723261472548
0.08092199265026145	 0.10248310707021346	 6.119159913145945	 0.08016819870317346
0.0806659103950391	 0.10248310707021346	 6.179794024049566	 0.07991001770336074
0.08040982813981676	 0.10248310707021346	 6.240806156867032	 0.07965186896197742
0.08015374588459442	 0.10248310707021346	 6.302199906900398	 0.07939375247176518
0.07989766362937206	 0.10248310707021346	 6.363978915331461	 0.07913566822542137
0.07964158137414973	 0.10250352346925955	 6.426344133769874	 0.07887680002520472
0.07938549911892738	 0.10250352346925955	 6.488905074950646	 0.07861878422254161
0.07912941686370503	 0.10250352346925955	 6.551862482243292	 0.0783608006348849
0.07887333460848268	 0.10250352346925955	 6.615220187853657	 0.07810284925474739
0.07861725235326034	 0.10250352346925955	 6.678982073688171	 0.07784493007459606
0.07836117009803799	 0.10250352346925955	 6.743152072163209	 0.07758704308685174
0.07810508784281565	 0.1025239398683056	 6.807939091100305	 0.0773283727686518
0.07784900558759329	 0.1025239398683056	 6.87293763154147	 0.0770705542352066
0.07759292333237094	 0.1025239398683056	 6.938356394780849	 0.07681276786396214
0.07733684107714861	 0.1025239398683056	 7.004199523701979	 0.07655501364714694
0.07708075882192626	 0.1025239398683056	 7.070471215990844	 0.07629729157694166
0.07682467656670391	 0.10254435626735167	 7.137387383703409	 0.07603878669605395
0.07656859431148157	 0.10254435626735167	 7.204529339499981	 0.07578113308740608
0.07631251205625922	 0.10254435626735167	 7.272112791282426	 0.07552351159398776
0.07605642980103688	 0.10254435626735167	 7.340142165244721	 0.07526592220778036
0.07580034754581452	 0.10254435626735167	 7.408621947121357	 0.07500836492071573
0.07554426529059217	 0.10254435626735167	 7.477556683193092	 0.07475083972467599
0.07528818303536984	 0.10256477266639773	 7.547171174882834	 0.07449253233969871
0.07503210078014749	 0.10256477266639773	 7.617030033807348	 0.07423507561656587
0.07477601852492514	 0.10256477266639773	 7.687357861011851	 0.07397765095159606
0.0745199362697028	 0.10256477266639773	 7.758159455447892	 0.07372025833646306
0.07426385401448045	 0.10256477266639773	 7.8294396819592	 0.07346289776278894
0.0740077717592581	 0.10258518906544381	 7.901431184573182	 0.07320475551847486
0.07375168950403575	 0.10258518906544381	 7.973683874181546	 0.07294746342544281
0.0734956072488134	 0.10258518906544381	 8.046430198860996	 0.0726902033397104
0.07323952499359107	 0.10258518906544381	 8.119675298636096	 0.07243297525268325
0.07298344273836872	 0.10258518906544381	 8.193424385346425	 0.0721757791557135
0.07272736048314637	 0.10260560546448987	 8.267918371522882	 0.07191780190569544
0.07247127822792403	 0.10260560546448987	 8.342691703250381	 0.07166067429742609
0.07221519597270168	 0.10260560546448987	 8.417985102719776	 0.07140357864369463
0.07195911371747933	 0.10260560546448987	 8.493804081912991	 0.07114651493562801
0.07170303146225698	 0.10260560546448987	 8.570154231200647	 0.0708894831642976
0.07144694920703464	 0.10262602186353594	 8.647285189211384	 0.07063167075678857
0.07119086695181229	 0.10262602186353594	 8.724715119337523	 0.07037470748259993
0.07093478469658995	 0.10262602186353594	 8.802693476846938	 0.07011777610820014
0.0706787024413676	 0.10262602186353594	 8.8812261799829	 0.06986087662442624
0.07042262018614526	 0.10262602186353594	 8.960319232686977	 0.06960400902205746
0.07016653793092291	 0.10262602186353594	 9.039978726157628	 0.06934717329181474
0.06991045567570056	 0.10264643826258199	 9.120465423256242	 0.06908955754373004
0.06965437342047821	 0.10264643826258199	 9.201276786444096	 0.06883279032436292
0.06939829116525587	 0.10264643826258199	 9.282673405369	 0.06857605493836318
0.06914220891003352	 0.10264643826258199	 9.364661736551199	 0.06831935137620564
0.06888612665481118	 0.10264643826258199	 9.447248332091133	 0.06806267962830453
0.06863004439958884	 0.10266685466162807	 9.530703814653446	 0.06780522837781412
0.06837396214436647	 0.10266685466162807	 9.614507350873495	 0.06754862515023163
0.06811787988914414	 0.10266685466162807	 9.698929400958267	 0.0672920536965512
0.06786179763392179	 0.10266685466162807	 9.783976917516632	 0.0670355140069301
0.06760571537869944	 0.10266685466162807	 9.869656958032678	 0.06677900607146262
0.0673496331234771	 0.10268727106067414	 9.956250586146203	 0.06652171914788012
0.06709355086825475	 0.10268727106067414	 10.043217647671167	 0.06626527974277369
0.06683746861303241	 0.10268727106067414	 10.130839056725462	 0.06600887204978449
0.06658138635781007	 0.10268727106067414	 10.219122310637045	 0.06575249605873829
0.0663253041025877	 0.10268727106067414	 10.308075022010868	 0.06549615175939513
0.06606922184736537	 0.1027076874597202	 10.397989323679079	 0.06523902898561328
0.06581313959214302	 0.1027076874597202	 10.488304637817905	 0.06498275322735325
0.06555705733692067	 0.1027076874597202	 10.579312963200444	 0.06472650911698445
0.06530097508169833	 0.1027076874597202	 10.671022396342044	 0.06447029664398607
0.06504489282647598	 0.10272810385876628	 10.763734412713605	 0.06421330610760174
0.06478881057125364	 0.10272810385876628	 10.856871243489124	 0.0639571621810128
0.0645327283160313	 0.10272810385876628	 10.95073424505415	 0.06370104984649057
0.06427664606080893	 0.10272810385876628	 11.045332036945668	 0.06344496909322242
0.0640205638055866	 0.10272810385876628	 11.140673376007047	 0.06318891991032484
0.06376448155036425	 0.10274852025781234	 11.237072072272822	 0.06293209317618627
0.0635083992951419	 0.10274852025781234	 11.333927727559287	 0.06267611255196573
0.06325231703991956	 0.10274852025781234	 11.431554053958315	 0.062420163450847596
0.06299623478469721	 0.10274852025781234	 11.529960385700385	 0.062164245861642396
0.06274015252947486	 0.10274852025781234	 11.62915620874351	 0.061908359773086584
0.06248407027425252	 0.1027689366568584	 11.729468455734612	 0.061651696644575295
0.06222798801903017	 0.1027689366568584	 11.830272735677756	 0.06139587912791004
0.061971905763807816	 0.1027689366568584	 11.931895908275628	 0.06114009306254367
0.06171582350858548	 0.1027689366568584	 12.034348098167069	 0.060884338436891436
0.06145974125336313	 0.1027689366568584	 12.137639597996927	 0.06062861523929118
0.061203658998140786	 0.10278935305590446	 12.242111320377434	 0.060372115512137295
0.06094757674291844	 0.10278935305590446	 12.347113406692054	 0.06011646090069282
0.06069149448769609	 0.10278935305590446	 12.452986726099297	 0.05986083766573895
0.06043541223247375	 0.10278935305590446	 12.559742279199448	 0.059605245795275937
0.0601793299772514	 0.10280976945495054	 12.667732831686267	 0.05934887780329094
0.05992324772202905	 0.10280976945495054	 12.776287005494908	 0.05909335452651034
0.05966716546680671	 0.10280976945495054	 12.885757550996715	 0.058837862560789926
0.05941108321158436	 0.10280976945495054	 12.996156238738834	 0.05858240189377772
0.05915500095636201	 0.10280976945495054	 13.107495042198963	 0.058326972513037714
0.05889891870113967	 0.1028301858539966	 13.220142450679873	 0.05807076751946389
0.05864283644591732	 0.1028301858539966	 13.333398645382712	 0.0578154067489965
0.05838675419069498	 0.1028301858539966	 13.447632139951786	 0.0575600772088972
0.05813067193547263	 0.1028301858539966	 13.56285576472505	 0.05730477888635891
0.05787458968025028	 0.10285060225304267	 13.679451372957733	 0.05704870535739828
0.05761850742502794	 0.10285060225304267	 13.79669506534573	 0.05679347565417645
0.05736242516980559	 0.10285060225304267	 13.914968757190902	 0.056538277110513145
0.05710634291458324	 0.10285060225304267	 14.034286213806944	 0.056283109713213424
0.0568502606593609	 0.10285060225304267	 14.154661447452154	 0.056027973448990985
0.05659417840413855	 0.10287101865208875	 14.276494084660555	 0.05577206248521513
0.056338096148916196	 0.10287101865208875	 14.399028333367234	 0.055516994859689195
0.05608201389369386	 0.10287101865208875	 14.522663935365687	 0.055261958306454674
0.05582593163847151	 0.10287101865208875	 14.647415947912053	 0.05500695281181569
0.055569849383249166	 0.10289143505113481	 14.773699143676192	 0.05475117302227907
0.05531376712802682	 0.10289143505113481	 14.900730668319746	 0.05449623617723104
0.05505768487280447	 0.10289143505113481	 15.028925460266533	 0.05424133032762275
0.05480160261758213	 0.10289143505113481	 15.158299721122507	 0.053986455459329306
0.05454552036235978	 0.10289143505113481	 15.288869955425806	 0.05373161155812634
0.054289438107137426	 0.10291185145018088	 15.42107113566818	 0.053475993866955514
0.05403335585191509	 0.10291185145018088	 15.554084484200677	 0.05322121863804473
0.05377727359669274	 0.10291185145018088	 15.688345210657141	 0.05296647430991739
0.05352119134147039	 0.10291185145018088	 15.823871104553522	 0.05271176086789528
0.05326510908624805	 0.10293226784922693	 15.961114402355017	 0.05245627403864604
0.0530090268310257	 0.10293226784922693	 16.099225772397688	 0.052201629282039475
0.05275294457580336	 0.10293226784922693	 16.23865775600222	 0.05194701534253706
0.05249686232058101	 0.10293226784922693	 16.37942955530245	 0.05169243220498417
0.05224078006535866	 0.10295268424827302	 16.522011740763176	 0.05143707608199577
0.05198469781013632	 0.10295268424827302	 16.665522682560734	 0.05118256164421674
0.05172861555491397	 0.10295268424827302	 16.810433333342253	 0.0509280779365271
0.05147253329969162	 0.10295268424827302	 16.956764451028242	 0.05067362494327182
0.05121645104446928	 0.10297310064731907	 17.105006101471574	 0.05041839936537858
0.05096036878924693	 0.10297310064731907	 17.25424247822901	 0.050164015087597325
0.050704286534024576	 0.10297310064731907	 17.404964117712325	 0.049909661449351696
0.05044820427880224	 0.10297310064731907	 17.557193494576268	 0.04965533843446051
0.05019212202357989	 0.10299351704636514	 17.71144143286415	 0.04940024323468583
0.04993603976835754	 0.10299351704636514	 17.866755923693695	 0.04914598895242455
0.0496799575131352	 0.10299351704636514	 18.023648362770196	 0.048891765215384714
0.04942387525791285	 0.10299351704636514	 18.182143122839584	 0.04863757200683147
0.04916779300269051	 0.1030139334454112	 18.342773161769195	 0.04838260701205274
0.04891171074746816	 0.1030139334454112	 18.50454808048486	 0.04812848255486209
0.04865562849224581	 0.1030139334454112	 18.668001524308217	 0.047874388544577165
0.048399546237023465	 0.1030139334454112	 18.83315996892781	 0.04762032496388019
0.04814346398180112	 0.1030139334454112	 19.000050450871058	 0.047366291795327316
0.047887381726578776	 0.10303434984445728	 19.16923572258569	 0.047111487339041844
0.04763129947135642	 0.10303434984445728	 19.339674051951135	 0.04685752295792735
0.04737521721613408	 0.10303434984445728	 19.51192904401809	 0.04660358890276037
0.04711913496091173	 0.10305476624350333	 19.686582569409445	 0.04634888385496979
0.04686305270568939	 0.10305476624350333	 19.86256015413061	 0.04609501859298596
0.046606970450467036	 0.10305476624350333	 20.04044464153495	 0.0458411835677508
0.046350888195244695	 0.10305476624350333	 20.220267440532595	 0.04558737876068469
0.04609480594002235	 0.1030751826425494	 20.402637499099825	 0.04533280335598678
0.045838723684800006	 0.1030751826425494	 20.586434244878433	 0.04507906736636803
0.04558264142957765	 0.1030751826425494	 20.772267773973148	 0.04482536150150255
0.04532655917435531	 0.1030751826425494	 20.96017239346859	 0.04457168574212791
0.04507047691913296	 0.10309559904159549	 21.15078610589356	 0.04431723977875063
0.044814394663910614	 0.10309559904159549	 21.342939220654422	 0.04406363286322405
0.044558312408688266	 0.10309559904159549	 21.53727109050614	 0.04381005595524811
0.044302230153465925	 0.10309559904159549	 21.733819263101815	 0.04355650903484052
0.04404614789824358	 0.10311601544064154	 21.9332529726202	 0.04330219230261534
0.04379006564302123	 0.10311601544064154	 22.134350124014436	 0.04304871425475194
0.04353398338779888	 0.10311601544064154	 22.33778153499343	 0.04279526609165422
0.04327790113257654	 0.10311601544064154	 22.543588385901224	 0.042541847792581224
0.043021818877354186	 0.10313643183968761	 22.752473545720832	 0.04228766007234374
0.042765736622131845	 0.10313643183968761	 22.963158932873863	 0.042034310676972636
0.0425096543669095	 0.10313643183968761	 23.176349269756862	 0.04178099103758918
0.042253572111687156	 0.10313643183968761	 23.39208981989154	 0.04152770113265342
0.0419974898564648	 0.10315684823873367	 23.61111974667923	 0.041273642195580405
0.04174140760124246	 0.10315684823873367	 23.83210107063603	 0.04102042122813865
0.04148532534602011	 0.10315684823873367	 24.055775121469047	 0.04076722988146344
0.04122924309079777	 0.10317726463777975	 24.28291020295225	 0.040513269788522516
0.040973160835575416	 0.10317726463777975	 24.51212061636943	 0.04026014739200534
0.040717078580353075	 0.10317726463777975	 24.74417710838488	 0.04000705449795722
0.04046099632513073	 0.10317726463777975	 24.979133385872395	 0.0397539910832674
0.04020491406990838	 0.1031976810368258	 25.217799428508112	 0.03950015930795075
0.03994883181468603	 0.1031976810368258	 25.45872188391626	 0.039247164882951914
0.03969274955946369	 0.1031976810368258	 25.702713583786817	 0.03899419981252899
0.03943666730424134	 0.10321809743587188	 25.950618083204823	 0.038740466663469184
0.039180585049018994	 0.10321809743587188	 26.200928003407867	 0.038487570598587616
0.038924502793796646	 0.10321809743587188	 26.45449011446973	 0.038234703758159884
0.038668420538574305	 0.10321809743587188	 26.711368632077715	 0.03798186611733271
0.03841233828335196	 0.10323851383491793	 26.97245530450313	 0.03772826077965058
0.03815625602812961	 0.10323851383491793	 27.236165970872904	 0.0374754921904609
0.03790017377290726	 0.10323851383491793	 27.503396133978118	 0.03722275266325322
0.03764409151768492	 0.10325893023396401	 27.775076514780388	 0.03696924571664651
0.03738800926246257	 0.10325893023396401	 28.049561479807505	 0.03671657526057301
0.037131927007240224	 0.10325893023396401	 28.32778598527085	 0.03646393372264403
0.036875844752017876	 0.10325893023396401	 28.60982745848201	 0.036211321076080945
0.036619762496795535	 0.10327934663301008	 28.896672786117975	 0.035957941387496986
0.03636368024157319	 0.10327934663301008	 29.186588742664	 0.035705397865625356
0.03610759798635084	 0.10327934663301008	 29.480567168433517	 0.0354528830825645
0.03585151573112849	 0.10329976303205614	 29.779640560925444	 0.035199601529610186
0.035595433475906144	 0.10329976303205614	 30.082005375636392	 0.03494715589485627
0.0353393512206838	 0.10329976303205614	 30.388699706980805	 0.034694738839065146
0.035083268965461455	 0.10329976303205614	 30.699817775817856	 0.03444235033335029
0.03482718671023911	 0.10332017943110222	 31.01645810744013	 0.03418919543009741
0.03457110445501676	 0.10332017943110222	 31.33671668163097	 0.033936876134667456
0.03431502219979442	 0.10332017943110222	 31.661698587546525	 0.03368458521927191
0.03405893994457207	 0.10334059583014828	 31.99255622215893	 0.0334315281721793
0.03380285768934972	 0.10334059583014828	 32.3273046668845	 0.03317930649525724
0.033546775434127374	 0.10334059583014828	 32.66710375336405	 0.03292711301971917
0.03329069317890503	 0.10336101222919435	 33.013163912394035	 0.03267415367499474
0.033034610923682685	 0.10336101222919435	 33.36341415854959	 0.032422029468912095
0.03277852866846034	 0.10336101222919435	 33.7190733549336	 0.03216993327627204
0.03252244641323799	 0.1033814286282404	 34.08141457449138	 0.03191707147332938
0.03226636415801565	 0.1033814286282404	 34.44827516066019	 0.031665044584112484
0.0320102819027933	 0.1033814286282404	 34.820937764613944	 0.03141304551035245
0.03175419964757095	 0.10340184502728648	 35.20074321783392	 0.031160281081217503
0.031498117392348604	 0.10340184502728648	 35.58543110776113	 0.03090835134803346
0.03124203513712626	 0.10340184502728648	 35.97635316396538	 0.030656449221443723
0.030985952881903908	 0.10340184502728648	 36.37366297810401	 0.030404574666673335
0.030729870626681564	 0.10342226142633254	 36.778800702572816	 0.030151935112942452
0.03047378837145922	 0.10342226142633254	 37.18936526034537	 0.02990012998684567
0.030217706116236875	 0.10342226142633254	 37.606809718260195	 0.029648352208663367
0.029961623861014523	 0.10344267782537861	 38.0326563331775	 0.029395809676949543
0.02970554160579218	 0.10344267782537861	 38.46438992445162	 0.02914410137034477
0.029449459350569834	 0.10344267782537861	 38.90354750906545	 0.028892420174725587
0.02919337709534749	 0.10346309422442469	 39.35174085901018	 0.028639974465840906
0.02893729484012514	 0.10346309422442469	 39.80633261089649	 0.028388362788321554
0.028681212584902794	 0.10346309422442469	 40.26895144424755	 0.02813677797069827
0.02842513032968045	 0.10348351062347075	 40.74130698808314	 0.02788442887444027
0.028169048074458098	 0.10348351062347075	 41.22063087498462	 0.02763291362522953
0.027912965819235754	 0.10348351062347075	 41.70865214857074	 0.02738142496940987
0.02765688356401341	 0.10350392702251682	 42.20718771975157	 0.02712917226343954
0.027400801308791065	 0.10350392702251682	 42.7133285737377	 0.02687775323029274
0.027144719053568713	 0.10350392702251682	 43.228913973642705	 0.02662636050723299
0.02688863679834637	 0.10352434342156287	 43.755878802462874	 0.026374203955811817
0.026632554543124024	 0.10352434342156287	 44.2911628439992	 0.026122880913767483
0.02637647228790168	 0.10352434342156287	 44.836726788757325	 0.025871583880184963
0.02612039003267933	 0.10354475982060896	 45.39463566778795	 0.025619523232757235
0.025864307777456984	 0.10354475982060896	 45.961666500807766	 0.025368295942717247
0.02560822552223464	 0.10356517621965501	 46.54174903262458	 0.025116305129311598
0.025352143267012288	 0.10356517621965501	 47.13154460724206	 0.02486514757971009
0.025096061011789943	 0.10356517621965501	 47.73324585477532	 0.024614015422095663
0.0248399787565676	 0.10358559261870108	 48.349166682171784	 0.024362119938687803
0.024583896501345254	 0.10358559261870108	 48.97578382151898	 0.024111057595914982
0.024327814246122906	 0.10358559261870108	 49.61544987662565	 0.02386002028264281
0.02407173199090056	 0.10360600901774714	 50.270650870528854	 0.02360821983165331
0.02381564973567821	 0.10360600901774714	 50.937664110412754	 0.023357252412318074
0.023559567480455866	 0.10360600901774714	 51.61902086372413	 0.023106309634095025
0.023303485225233518	 0.10362642541679322	 52.317399696357185	 0.022854603896066694
0.023047402970011174	 0.10362642541679322	 53.02886222832021	 0.0226037310954688
0.022791320714788826	 0.10362642541679322	 53.75614013787632	 0.022352882519333046
0.02253523845956648	 0.10364684181583929	 54.502128350261835	 0.022101271150569844
0.022279156204344133	 0.10364684181583929	 55.26265495118529	 0.021850492640127762
0.02202307394912179	 0.10366725821488534	 56.04314621049279	 0.021598951356806263
0.02176699169389944	 0.10366725821488534	 56.839263284729824	 0.021348242913010115
0.021510909438677093	 0.10366725821488534	 57.65413110984636	 0.021097557817515017
0.02125482718345475	 0.10368767461393143	 58.4910697354988	 0.020846110089426998
0.0209987449282324	 0.10368767461393143	 59.34547304376903	 0.020595495162971513
0.020742662673010056	 0.10368767461393143	 60.220744939297276	 0.020344903071894696
0.020486580417787708	 0.10370809101297748	 61.12050812380507	 0.020093548475753665
0.020230498162565363	 0.10370809101297748	 62.03986648101538	 0.019843026659865506
0.019974415907343016	 0.10372850741202355	 62.98553409950283	 0.01959174229318714
0.01971833365212067	 0.10372850741202355	 63.952407067584595	 0.019341290755031236
0.019462251396898323	 0.10372850741202355	 64.9444479431373	 0.019090860951969258
0.01920616914167598	 0.10374892381106961	 65.96588645355979	 0.01883966869168953
0.01895008688645363	 0.10374892381106961	 67.01128618745162	 0.018589309287267278
0.018694004631231286	 0.10376934021011569	 68.0884215514184	 0.01833818732221274
0.018437922376008938	 0.10376934021011569	 69.19161775502491	 0.018087898321596085
0.018181840120786594	 0.10376934021011569	 70.32554944491015	 0.01783762976785918
0.017925757865564246	 0.10378975660916175	 71.49522283301866	 0.017586598707960567
0.0176696756103419	 0.10378975660916175	 72.69458271601218	 0.01733640069358899
0.017413593355119553	 0.10381017300820782	 73.9327444305082	 0.017085439995763504
0.01715751109989721	 0.10381017300820782	 75.20338034519935	 0.016835312526127754
0.01690142884467486	 0.10381017300820782	 76.51209217648443	 0.016585203983109174
0.016645346589452516	 0.10383058940725387	 77.86490111472972	 0.016334332769137
0.01638926433423017	 0.10383058940725387	 79.25504751036024	 0.016084294919593657
0.016133182079007824	 0.10385100580629995	 80.69337801777667	 0.015833494127389047
0.015877099823785476	 0.10385100580629995	 82.1728249543084	 0.015583526971819124
0.01562101756856313	 0.10387142220534602	 83.70507370981237	 0.015332796542935099
0.015364935313340782	 0.10387142220534602	 85.28273451126526	 0.015082900092281672
0.015108853058118437	 0.10387142220534602	 86.91326145129734	 0.014833019726612273
0.01485277080289609	 0.10389183860439208	 88.60471332067536	 0.014582376018987996
0.014596688547673745	 0.10389183860439208	 90.34920065117043	 0.01433256653134075
0.014340606292451397	 0.10391225500343816	 92.16099248406911	 0.014081993233142078
0.014084524037229049	 0.10391225500343816	 94.03184980990986	 0.013832254618206427
0.013828441782006705	 0.10393267140248422	 95.97732951325659	 0.013581751632544102
0.013572359526784357	 0.10393267140248422	 97.98883700614832	 0.013332083895542104
0.013316277271562012	 0.10393267140248422	 100.07677816673625	 0.013082428459735975
0.013060195016339664	 0.10395308780153029	 102.25248332094765	 0.01283200852443815
0.01280411276111732	 0.10395308780153029	 104.50684244454638	 0.01258242415481766
0.012548030505894972	 0.10397350420057634	 106.85951613377794	 0.012332074532221696
0.012291948250672627	 0.10397350420057634	 109.3010592550449	 0.01208256119035014
0.01203586599545028	 0.10399392059962242	 111.85325564311279	 0.011832281701147807
0.011779783740227933	 0.10399392059962242	 114.50635530819206	 0.011582839352846947
0.011523701485005587	 0.10401433699866848	 117.28463305578133	 0.011332629795424628
0.01126761922978324	 0.10401433699866848	 120.17808690082016	 0.011083258411082434
0.011011536974560894	 0.10403475339771455	 123.21393932475775	 0.010833118555802934
0.010755454719338546	 0.10403475339771455	 126.38202221389332	 0.010583818110462991
0.0104993724641162	 0.10405516979676063	 129.71307935236524	 0.010333747692198877
0.010243290208893854	 0.10405516979676063	 133.19691070136105	 0.010084518165256132
0.009987207953671508	 0.10407558619580669	 136.86851076222527	 0.009834516873615678
0.009731125698449162	 0.10407558619580669	 140.7178529881644	 0.009585358247837633
0.009475043443226815	 0.10407558619580669	 144.772257800847	 0.009336195755214551
0.009218961188004469	 0.10409600259485276	 149.06212401513602	 0.00908626166010109
0.008962878932782123	 0.10409600259485276	 153.57844079328802	 0.008837170268026686
0.008706796677559777	 0.10411641899389881	 158.3714718510846	 0.008587305219227744
0.00845071442233743	 0.10411641899389881	 163.43353017702634	 0.008338284675392977
0.008194632167115084	 0.1041368353929449	 168.82390187357046	 0.008088488112696147
0.007938549911892738	 0.1041368353929449	 174.5371277186585	 0.007839538107856434
0.007682467656670391	 0.10415725179199095	 180.6440859642434	 0.0075898094099917865
0.007426385401448045	 0.10415725179199095	 187.14293474120197	 0.0073409295603939
0.0071703031462256985	 0.10417766819103702	 194.1197303223683	 0.007091268075704945
0.006914220891003352	 0.10419808459008308	 201.6020830143105	 0.006841696152209718
0.006658138635781006	 0.10419808459008308	 209.6212042947861	 0.006592986969699624
0.00640205638055866	 0.10421850098912916	 218.2970068699879	 0.006343477249188393
0.006145974125336314	 0.10421850098912916	 227.64816799940303	 0.00609483647952012
0.0058898918701139665	 0.10423891738817523	 237.82798156218115	 0.005845387522690406
0.00563380961489162	 0.10423891738817523	 248.87344158137563	 0.0055968146827224605
0.005377727359669273	 0.10425933378722128	 260.9857837470622	 0.005347424982156847
0.005121645104446927	 0.10425933378722128	 274.23223863798785	 0.00509891927586133
0.004865562849224581	 0.10427975018626737	 288.88539703213826	 0.0048495877632261635
0.0046094805940022346	 0.10427975018626737	 305.06389263052756	 0.004601147939601062
0.004353398338779888	 0.10430016658531342	 323.15105339202273	 0.004351875534386387
0.004097316083557542	 0.10430016658531342	 343.35648178799136	 0.004103499803379868
0.0038412338283351955	 0.10432058298435949	 366.2440487971893	 0.0038542939925067118
0.0035851515731128492	 0.10434099938340555	 392.27558374972944	 0.0036052433803339763
0.003329069317890503	 0.10434099938340555	 422.03726723984914	 0.003357200491831684
0.003072987062668157	 0.10436141578245163	 456.6916401167101	 0.003108173186417426
0.00281690480744581	 0.10436141578245163	 497.1937198904011	 0.00286018441783814
0.0025608225522234635	 0.10438183218149767	 545.5895034424018	 0.0026112136157811776
0.0023047402970011173	 0.10438183218149767	 603.9141176503588	 0.0023632657904557653
0.002048658041778771	 0.10440224858054376	 676.1541639438631	 0.0021145460826526934
0.0017925757865564246	 0.10442266497958984	 767.6039802327298	 0.0018659210787109646
0.0015364935313340784	 0.10442266497958984	 886.0447949868545	 0.0016193038430535958
0.0012804112761117317	 0.1044430813786359	 1048.4967214810906	 0.0013707788938569453
0.0010243290208893855	 0.1044430813786359	 1280.6845251754835	 0.001124156764740634
0.0007682467656670392	 0.10446349777768196	 1635.663537837679	 0.0008816286599266224
0.0005121645104446928	 0.10448391417672802	 2285.6688729141097	 0.0006319500190240466
0.0002560822552223464	 0.10448391417672802	 3349.343942740659	 0.0004318129790677564