0.11795874424935106
0.11742035117411674
0.1168848556557732
0.1163522042318696
0.11582234364631781
0.11529530865791345
0.11477104707365582
0.11424950689214668
0.11373072273857078
0.11321464364413057
0.11270121881765881
0.11219048274074869
0.11168238562563175
0.1111768778489415
0.11067399373957924
0.1101736846495904
0.10967590208289549
0.10918068020742079
0.10868797147566173
0.10819772848012411
0.1077099852202343
0.10722469521132469
0.10674181209749897
0.10626136970286212
0.10578332256962757
0.10530762535813146
0.1048343117109894
0.1043633371629082
0.10389465735662758
0.1034283057477118
0.10296423883045945
0.10250241319764002
0.10204286211276771
0.10158551760012091
0.10113041279264696
0.10067750571460074
0.10022675447386868
0.09977819200415979
0.09933177720827223
0.09888746906434737
0.0984453003031685
0.09800523067799341
0.09756722000956614
0.09713130082248583
0.0966974336935472
0.09626557925958346
0.09583576983614879
0.09540794303834968
0.09498213104095794
0.0945582957364371
0.09413639906572777
0.09371647299059706
0.09329848016049799
0.09288238326690232
0.09246821405663853
0.09205591301565767
0.09164551174655974
0.0912369741094496
0.09083026399642662
0.09042541279259102
0.0900223850553519
0.08962114536851418
0.08922172489850352
0.08882406679500557
0.0884282020781221
0.08803409642160158
0.08764171551690152
0.0872510901640324
0.0868621650811188
0.08647497092111257
0.08608947442000271
0.08570564232354812
0.08532350506379888
0.08494302998955774
0.08456418445496705
0.08418699867094902
0.08381141972352275
0.08343747767614518
0.08306514086023123
0.08269437760566889
0.08232521775479876
0.0819576097911476
0.0815915834097485
0.08122710787880348
0.08086415245872253
0.08050274662386753
0.0801428401961918
0.07978446250317803
0.07942758370675242
0.0790721739553381
0.0787182623565716
0.07836580001505504
0.07801481589221085
0.07766526159075925
0.07731716592623433
0.07697050024425268
0.07662523586978219
0.07628140140021429
0.07593894964794706
0.07559790906543058
0.0752582517987484
0.07491994996878565
0.07458303181140165
0.07424745129992251
0.0739132365263836
0.07358034191540182
0.07324879541567812
0.07291857023543889
0.07258963955204503
0.07226203110017185
0.07193570040143953
0.0716106750485071
0.07128691098966679
0.07096443567612311
0.0706432054761381
0.07032324770004167
0.07000453682918689
0.06968704730785587
0.06937080623619968
0.06905577100403423
0.06874196857215731
0.06842935672797511
0.06811796229356674
0.06780774344782876
0.06749872687476968
0.06719088823422771
0.0668842031438362
0.06657869808174875
0.06627433217974775
0.06597113177958978
0.06566905638415518
0.06536813219949215
0.06506831909401414
0.0647696431387594
0.06447206456222034
0.06417560930113278
0.06388023793872195
0.06358597627813711
0.06329278525209532
0.06300069053088302
0.06270966955213605
0.06241969970475482
0.062130806461111084
0.06184295160542522
0.061556160479045295
0.06127039519813042
0.06098568097375107
0.06070198024920622
0.060419318106039996
0.06013765730998401
0.059857022813812
0.05957737770107046
0.05929874679652287
0.05902109349700013
0.05874444250001929
0.058468757511250385
0.05819406310173117
0.057920323281608614
0.057647562496211203
0.057375745055881854
0.0571048952810122
0.056834977777939326
0.056566016742892564
0.056297977074078714
0.05603088284434106
0.055764699239707165
0.05549945021041194
0.055235101226328465
0.05497167611586202
0.054709140628827965
0.054447518472581356
0.054186775673047
0.0539269213907369
0.05366796491816888
0.053409872688364037
0.053152668109458616
0.052896317881298754
0.05264084529370018
0.052386217309734716
0.05213245710167686
0.05187953189228814
0.05162746473708034
0.05137622311503052
0.05112582996566536
0.05087625302076374
0.05062750129574202
0.05037958393019132
0.05013246902879229
0.049886179244497654
0.04964068292651196
0.04939600261451387
0.04915210689901915
0.048909018207203135
0.048666705367734715
0.04842517728913497
0.04818444299885172
0.047944471676950574
0.04770528547270232
0.04746685379666201
0.04722919868827779
0.0469922897856176
0.046756135911276045
0.0465207460027714
0.04628609003394062
0.0460521897729919
0.04581901541404792
0.04558657571711955
0.04535487955431694
0.04512389744491329
0.04489365089058593
0.04466411062395834
0.044435285341625406
0.044207183849481246
0.04397977719510694
0.043753086618309955
0.04352708337336219
0.04330177609274735
0.043077173515468414
0.042853247200964846
0.04263001813178314
0.04240745806765545
0.04218557557638402
0.041964379329526375
0.041743841382573546
0.04152397026428924
0.041304774605540044
0.0410862267521057
0.040868335193570124
0.04065110851997109
0.04043451936203272
0.04021858815226875
0.040003287708473285
0.03978862645468066
0.039574612912635566
0.039361220176437346
0.03914845663066582
0.03893633075596642
0.03872481591771573
0.03851392046097091
0.038303652825209915
0.03809398664217025
0.037884930217335584
0.037676491948964504
0.03746864573034729
0.03726139982735956
0.03705476259700394
0.036848708189420064
0.0366432448308562
0.03643836947178291
0.03623409041415674
0.03603038214342704
0.03582725283299469
0.03562471074352865
0.03542273060674227
0.03522132055641821
0.03502048881194502
0.034820210346922086
0.034620493255538794
0.03442133466958562
0.03422274275343521
0.034024692796534466
0.03382719284033462
0.033630240084759164
0.03343384263922128
0.033237976101602076
0.033042648460703886
0.032847867784774165
0.0326536098982845
0.03245988275062646
0.032266683655279696
0.0320740206256802
0.03188186978223212
0.031690239021886134
0.03149912571989195
0.03130852726659311
0.03111845160706152
0.03092887522194116
0.030739805942832862
0.030551241219140067
0.03036318894138676
0.030175625870896252
0.029988559787175562
0.029801988196593385
0.029615908619433928
0.029430328878225696
0.029245226076001822
0.029060607927398247
0.028876472007131546
0.02869281590321189
0.028509647370402
0.02832694384358532
0.028144712972823387
0.02796295239811304
0.027781659772143617
0.027600832760179043
0.02742047903597704
0.027240576420022575
0.027061132485297436
0.026882144946221532
0.02670361152921059
0.02652552997256251
0.02634789802634429
0.02617072327024844
0.025993983957813632
0.025817687572680697
0.025641831910896234
0.025466414779719636
0.025291433997513577
0.025116887393635007
0.024942772808326685
0.02476908809260913
0.024595840705905567
0.024423009432948783
0.024250601643443462
0.024078615230471345
0.023907048097358597
0.02373589815757047
0.023565163334606266
0.023394841561894673
0.02322493078268942
0.0230554289499653
0.022886334026314407
0.02271764398384277
0.022549356804067125
0.022381470477811975
0.0222139830051069
0.02204689239508403
0.021880196665875703
0.021713893844512274
0.021547991151695055
0.02138246835270344
0.021217332592265353
0.021052581932003423
0.0208882144419288
0.020724228200339468
0.020560621293718502
0.020397364718704698
0.020234510978584176
0.020072030880727655
0.019909922543340883
0.019748184092305197
0.019586813661075293
0.019425809390576722
0.01926516942910321
0.019104891932213732
0.01894497506262927
0.018785416990129308
0.01862621589144791
0.0184673699501695
0.018308877356624134
0.018150736307782404
0.017992945007149798
0.017835475548654074
0.017678378621406685
0.01752162609034752
0.01736521618405742
0.017209147137115213
0.017053417189988287
0.016898024588922384
0.01674296758583054
0.016588218786088085
0.016433828019084572
0.016279767637707665
0.016126035915415473
0.015972631130763658
0.01581955156728822
0.015666770198030092
0.015514336227146548
0.01536222235551922
0.015210426885414146
0.015058948123471663
0.014907759338766239
0.014756909226729906
0.014606370766294617
0.014456142280331851
0.01430619726797481
0.014156584025442965
0.014007275746141119
0.013858270767044378
0.013709542811297203
0.013561139782599433
0.013413035081570376
0.013265202595385977
0.013117689937589532
0.012970470659344568
0.012823518808406457
0.012676881711696834
0.012530533066624895
0.012384447078037087
0.012238670789657393
0.012093178040718813
0.011947943189623937
0.01180301300020254
0.011658361448943921
0.011513963044213621
0.011369864273118308
0.011226015481421367
0.01108246297340181
0.010939180943705745
0.010796144142477917
0.010653398602226303
0.010510895118013551
0.0103686795426637
0.010226702845550443
0.010085010700973845
0.009943554249416632
0.009802378987750968
0.009661436224293189
0.009520771279513443
0.00938033562620359
0.00924017440938021
0.009100239262859503
0.008960575157067132
0.008821133883287605
0.008681937316233115
0.008543006661429545
0.00840429393952822
0.008265843687539494
0.008127608074138575
0.007989608766884227
0.007851866715259852
0.007714334302447028
0.007577033071550717
0.007439983813842901
0.0073031391172817045
0.007166520400004623
0.007030148290570874
0.006893975571221679
0.006758023534209998
0.00662229038595582
0.0064867965291104095
0.006351494987083193
0.006216406882001297
0.006081530361563304
0.005946885589179458
0.005812425806322616
0.0056781719610593286
0.005544122127151785
0.005410274357091674
0.005276626680840944
0.005143177104495749
0.005009945326328316
0.004876884902461346
0.004744016461218414
0.004611337898032767
0.004478847076446263
0.004346541826195207
0.004214419941181273
0.004082479177324164
0.003950717250294621
0.0038191318331295175
0.0036877205537353196
0.0035564809922931638
0.003425410678588872
0.0032945070893061457
0.003163732643013446
0.0030331573720601664
0.0029027408030937404
0.0027724801758772745
0.0026423726665606496
0.00251241538786044
0.0023826053912152675
0.002252905490048085
0.0021233846606475157
0.0019940017683566123
0.0018647537349407227
0.0017356040270682946
0.0016066214002884679
0.0014777646997048849
0.001348998986274228
0.0012203942694888616
0.0010919115370532965
0.000963522054766524
0.0008353045837074948
0.0007072062544242311
0.0005793363983961558
0.00045171463033505036
0.000324642219985691
0.00019880371499873348