0.10776459197439409	 1.6801752808142725	 0.21221350440759018	 0.1050197613141246
0.10775378988192102	 1.6801752808142725	 0.23809839314311698	 0.1046928663885935
0.10774298778944792	 1.6802593621734052	 0.4553706678100494	 0.10202829061001058
0.10773218569697486	 1.6803434435325377	 0.6631492900445146	 0.09960572736480532
0.10772138360450179	 1.6803434435325377	 0.6885142133602833	 0.09931795622838085
0.10771058151202871	 1.6804275248916705	 0.9011464052698919	 0.09697031528428932
0.10769977941955564	 1.6804275248916705	 0.9270794463578054	 0.09669166806660741
0.10768897732708255	 1.6805116062508032	 1.1447937662954073	 0.09441484581054152
0.10767817523460947	 1.6805116062508032	 1.171320612159858	 0.09414483737691232
0.10766737314213641	 1.680595687609936	 1.3943617860721358	 0.09193499469766007
0.10765657104966334	 1.6806797689690687	 1.6074138767249866	 0.0899200717892627
0.10764576895719026	 1.6806797689690687	 1.6333951996319804	 0.08968045852804568
0.1076349668647172	 1.6807638503282014	 1.8515528937563115	 0.08771838391223122
0.1076241647722441	 1.6807638503282014	 1.878130611738941	 0.08748527257799166
0.10761336267977102	 1.6808479316873342	 2.101640509265409	 0.08557341469703442
0.10760256058729796	 1.6809320130464669	 2.315113715286195	 0.08382473431090386
0.10759175849482489	 1.6809320130464669	 2.3411434500318964	 0.08361644458822587
0.10758095640235181	 1.6810160944055996	 2.5597458533065716	 0.08190767070115096
0.10757015430987875	 1.6810160944055996	 2.5863745855706988	 0.08170433460475482
0.10755935221740565	 1.6811001757647324	 2.8103546743647563	 0.08003361682722414
0.10754855012493258	 1.681184257123865	 3.0242502177913435	 0.07850137655450874
0.10753774803245951	 1.681184257123865	 3.050328494951326	 0.0783186129867827
0.10752694593998643	 1.6812683384829976	 3.2693769484211987	 0.07681677383902083
0.10751614384751336	 1.6812683384829976	 3.2960568377499224	 0.07663782019670251
0.1075053417550403	 1.6813524198421304	 3.520508592324335	 0.07516504949005923
0.1074945396625672	 1.6813524198421304	 3.5478181266749504	 0.07498974932999466
0.10748373757009413	 1.681436501201263	 3.7779418621134173	 0.07354476572840209
0.10747293547762106	 1.6815205825603958	 3.9974377129384298	 0.07221799070239167
0.10746213338514798	 1.6815205825603958	 4.024168902738018	 0.07205970664590275
0.10745133129267491	 1.6816046639195286	 4.249093804503564	 0.0707551096024506
0.10744052920020185	 1.6816046639195286	 4.276457468564365	 0.07059964488537981
0.10742972710772875	 1.6816887452786613	 4.507082222450451	 0.06931628046810097
0.10741892501525568	 1.681772826637794	 4.727026823939648	 0.06813548867109327
0.10740812292278261	 1.681772826637794	 4.753809458242951	 0.06799447249377634
0.10739732083030953	 1.6818569079969268	 4.979208995547255	 0.06683064550782218
0.10738651873783646	 1.6818569079969268	 5.00662694712818	 0.06669181408752624
0.10737571664536337	 1.6819409893560595	 5.237754359714297	 0.0655442374788974
0.1073649145528903	 1.6820250707151922	 5.458149071360005	 0.06448647367789791
0.10735411246041723	 1.6820250707151922	 5.484983294829876	 0.06436003379307359
0.10734331036794416	 1.682109152074325	 5.710858962996428	 0.06331524136713142
0.10733250827547108	 1.682109152074325	 5.738331360612519	 0.0631904974674801
0.10732170618299802	 1.6821932334334573	 5.969963080054324	 0.06215812326187529
0.10731090409052492	 1.6821932334334573	 5.998104325095573	 0.06203501277213421
0.10730010199805186	 1.68227731479259	 6.235787959071436	 0.06101451083547208
0.10728929990557878	 1.6823613961517228	 6.462141260438795	 0.06007365099359937
0.10727849781310571	 1.6823613961517228	 6.489668263314067	 0.05996122460159883
0.10726769572063263	 1.6824454775108555	 6.721805945715547	 0.05902973997989856
0.10725689362815957	 1.6824454775108555	 6.750004894726482	 0.05891857212579537
0.10724609153568647	 1.6825295588699882	 6.9882252327883645	 0.05799602831283766
0.10723528944321341	 1.6826136402291212	 7.21505767674955	 0.057144259348975025
0.10722448735074033	 1.6826136402291212	 7.242639444820895	 0.057042405277153735
0.10721368525826726	 1.682697721588254	 7.475284754279654	 0.056197640013339864
0.10720288316579418	 1.682697721588254	 7.503541582883139	 0.05609675059844901
0.10719208107332112	 1.6827818029473867	 7.742300463757806	 0.055258634392442725
0.10718127898084802	 1.6828658843065194	 7.9696135667998735	 0.05448382085129944
0.10717047688837496	 1.6828658843065194	 7.9972502607209695	 0.05439110968907774
0.10715967479590188	 1.6829499656656521	 8.230404869373743	 0.053621436912446974
0.10714887270342881	 1.6829499656656521	 8.258719753998172	 0.053529458134071964
0.10713807061095573	 1.6830340470247844	 8.498019025562726	 0.052764629231131704
0.10712726851848267	 1.6830340470247844	 8.527045756916216	 0.05267335140627379
0.10711646642600957	 1.6831181283839172	 8.772816530936588	 0.05191306519201762
0.10710566433353651	 1.68320220974305	 9.006482119004946	 0.05121045111875233
0.10709486224106343	 1.68320220974305	 9.034855236888708	 0.051126437734923556
0.10708406014859036	 1.6832862911021826	 9.274696756223555	 0.05042720404881125
0.1070732580561173	 1.6832862911021826	 9.303785124593208	 0.05034370765790227
0.10706245596364419	 1.6833703724613154	 9.55013216766093	 0.04964759502786921
0.10705165387117112	 1.6834544538204481	 9.784310423497207	 0.04900360839838858
0.10704085177869806	 1.6834544538204481	 9.812741952693164	 0.048926565683245535
0.10703004968622498	 1.6835385351795809	 10.053127586135217	 0.04828479985669399
0.1070192475937519	 1.6835385351795809	 10.082277787501205	 0.048208127310886105
0.10700844550127885	 1.6836226165387136	 10.329203167604856	 0.04756835384529065
0.10699764340880574	 1.6837066978978463	 10.563895787738279	 0.0469759238633388
0.10698684131633268	 1.6837066978978463	 10.592385907118269	 0.046905016522160795
0.1069760392238596	 1.683790779256979	 10.833317530314407	 0.04631388441761132
0.10696523713138653	 1.683790779256979	 10.862529761581262	 0.04624322946818685
0.10695443503891346	 1.6838748606161118	 11.110035557358533	 0.045653189868968595
0.1069436329464404	 1.6838748606161118	 11.1400069389463	 0.04558276704889492
0.10693283085396729	 1.6839589419752443	 11.394449201020448	 0.04499360652180767
0.10692202876149423	 1.684043023334377	 11.635928698981196	 0.044448465430051355
0.10691122666902116	 1.684043023334377	 11.665203157982969	 0.04438328044027429
0.10690042457654808	 1.6841271046935098	 11.91329145878338	 0.04383849550120358
0.106889622484075	 1.6841271046935098	 11.943328818563145	 0.04377344758013674
0.10687882039160194	 1.6842111860526425	 12.198391373458858	 0.04322882284273684
0.10686801829912884	 1.6842952674117753	 12.440420640612327	 0.042724488885815017
0.10685721620665578	 1.6842952674117753	 12.469757526117771	 0.04266416095004209
0.1068464141141827	 1.684379348770908	 12.71843043206566	 0.042159596593547254
0.10683561202170963	 1.684379348770908	 12.74853398937839	 0.04209932922838301
0.10682480992923656	 1.6844634301300407	 13.004219171194487	 0.04159435187927366
0.1068140078367635	 1.6845475114891735	 13.246800111440509	 0.04112639396266461
0.10680320574429039	 1.6845475114891735	 13.276199623158295	 0.04107039864858068
0.10679240365181733	 1.6846315928483062	 13.525459245216094	 0.040601742672758755
0.10678160155934426	 1.6846315928483062	 13.555629220468475	 0.040545746235040085
0.10677079946687118	 1.684715674207439	 13.811939375765686	 0.04007621997049822
0.10675999737439812	 1.684715674207439	 13.842920704321752	 0.04002020618571659
0.10674919528192502	 1.6847997555665712	 14.106684457704922	 0.03954962764176959
0.10673839318945194	 1.6848838369257042	 14.356532917736699	 0.03911402609785679
0.10672759109697888	 1.6848838369257042	 14.386769532407133	 0.03906196339289684
0.1067167890045058	 1.684967918284837	 14.643707020282996	 0.038625118547455504
0.10670598691203273	 1.684967918284837	 14.674759134438075	 0.03857298836944306
0.10669518481955967	 1.6850519996439697	 14.9391923547619	 0.03813472655423351
0.10668438272708657	 1.6851360810031024	 15.189631785597154	 0.03772879167160621
0.1066735806346135	 1.6851360810031024	 15.219935262241806	 0.03768026163275326
0.10666277854214043	 1.6852201623622352	 15.477502454405856	 0.03727278878118261
0.10665197644966735	 1.6852201623622352	 15.508625600426196	 0.037224151011129004
0.10664117435719428	 1.685304243721368	 15.773730932281712	 0.03681497320642388
0.10663037226472122	 1.6853883250805006	 16.02476347777947	 0.03643576590247605
0.10661957017224812	 1.6853883250805006	 16.055134040038325	 0.036390420297212546
0.10660876807977505	 1.6854724064396334	 16.313333320887615	 0.03600944330629755
0.10659796598730198	 1.6854724064396334	 16.344527746274295	 0.035963957686490626
0.1065871638948289	 1.685556487798766	 16.61030784892219	 0.03558104950564395
0.10657636180235583	 1.685556487798766	 16.642371431653963	 0.03553540894868543
0.10656555970988277	 1.6856405691578988	 16.916182543991916	 0.035150397186191
0.10655475761740967	 1.6857246505170311	 17.175016310686836	 0.034794076709997866
0.1065439555249366	 1.6857246505170311	 17.206282264182818	 0.034751525697236094
0.10653315343246353	 1.6858087318761639	 17.472739811643653	 0.034393093821902684
0.10652235133999045	 1.6858087318761639	 17.504879522405396	 0.03435036188360104
0.10651154924751738	 1.6858928132352966	 17.779415256703686	 0.03398965099163879
0.10650074715504429	 1.6859768945944293	 18.0388859192441	 0.03365566263166664
0.10648994506257121	 1.6859768945944293	 18.0702236508413	 0.03361577086171573
0.10647914297009815	 1.686060975953562	 18.337361331986067	 0.03327953346856126
0.10646834087762508	 1.686060975953562	 18.369577448223854	 0.03323944025923567
0.106457538785152	 1.6861450573126948	 18.64484081338573	 0.032900790315344174
0.10644673669267894	 1.6862291386718276	 18.904950794687398	 0.03258709352168332
0.10643593460020584	 1.6862291386718276	 18.93636055563381	 0.03254961909368226
0.10642513250773278	 1.6863132200309603	 19.204181074274857	 0.032233570056989284
0.1064143304152597	 1.6863132200309603	 19.23647387487319	 0.032195878135776894
0.10640352832278663	 1.686397301390093	 19.512467897180194	 0.03187731693891387
0.10639272623031355	 1.686397301390093	 19.545694092205615	 0.031839392801581115
0.10638192413784049	 1.6864813827492258	 19.830366567329218	 0.03151814763893394
0.10637112204536739	 1.6865654641083585	 20.098872642311562	 0.031221057147604876
0.10636031995289433	 1.6865654641083585	 20.13124240760169	 0.03118562097494695
0.10634951786042125	 1.686649545467491	 20.40797013082335	 0.030885945056035077
0.10633871576794818	 1.686649545467491	 20.441278413264044	 0.030850264251508698
0.1063279136754751	 1.6867336268266238	 20.7267376507128	 0.030547834531053815
0.10631711158300204	 1.6868177081857565	 20.995932016005746	 0.030268042875339428
0.10630630949052894	 1.6868177081857565	 21.028379027774037	 0.030234665792630958
0.10629550739805588	 1.6869017895448892	 21.305843513278003	 0.029952239010516357
0.1062847053055828	 1.6869017895448892	 21.33923419686936	 0.029918607997822897
0.10627390321310973	 1.686985870904022	 21.62548363560328	 0.029633380859284863
0.10626310112063665	 1.6870699522631547	 21.895369040392417	 0.02936941691682573
0.10625229902816359	 1.6870699522631547	 21.927893581888746	 0.02933792451210094
0.10624149693569049	 1.6871540336222874	 22.206097908751346	 0.029071294795678083
0.10623069484321743	 1.6871540336222874	 22.23957130891388	 0.029039541710024052
0.10621989275074435	 1.6872381149814202	 22.526614408621022	 0.02877008391655603
0.10620909065827128	 1.687322196340553	 22.797193617400538	 0.02852063906874213
0.10619828856579822	 1.687322196340553	 22.829795973346705	 0.028490876113496155
0.10618748647332511	 1.6874062776996857	 23.108743238463916	 0.02823875024602992
0.10617668438085204	 1.6874062776996857	 23.142299672313214	 0.02820872194286749
0.10616588228837898	 1.6874903590588182	 23.430139913544444	 0.027953755513703746
0.1061550801959059	 1.6874903590588182	 23.464707132662653	 0.027923447083478194
0.10614427810343283	 1.687574440417951	 23.762015077491302	 0.027665467719488277
0.10613347601095977	 1.6876585217770836	 24.0417083956901	 0.027427104150861584
0.10612267391848666	 1.6876585217770836	 24.07534818204676	 0.027398712789360593
0.1061118718260136	 1.6877426031362164	 24.36398906635108	 0.027157509287624042
0.10610106973354053	 1.6877426031362164	 24.39864540361885	 0.027128835024267668
0.10609026764106745	 1.6878266844953491	 24.69681441027288	 0.026884622077617965
0.10607946554859438	 1.6879107658544819	 24.97725691442302	 0.026658922084176303
0.10606866345612131	 1.6879107658544819	 25.010980373822644	 0.02663203744321111
0.10605786136364821	 1.6879948472136146	 25.300425423883	 0.026403508611935796
0.10604705927117515	 1.6879948472136146	 25.33517123748807	 0.026376339762298806
0.10603625717870208	 1.6880789285727473	 25.634205280840042	 0.02614481533611813
0.106025455086229	 1.68816300993188	 25.915400121966194	 0.025930794304690537
0.10601465299375593	 1.68816300993188	 25.94920757666943	 0.025905299634314555
0.10600385090128286	 1.6882470912910128	 26.239460336438967	 0.025688469211925392
0.10599304880880976	 1.6882470912910128	 26.27429598656725	 0.025662690220374648
0.1059822467163367	 1.6883311726501455	 26.57419906656372	 0.02544288631790708
0.10597144462386363	 1.6883311726501455	 26.61012648693203	 0.025416807751898335
0.10596064253139055	 1.6884152540092778	 26.920330956519155	 0.025193852339954487
0.10594984043891748	 1.6884993353684106	 27.211394991357984	 0.024988194586256864
0.10593903834644441	 1.6884993353684106	 27.246320840205506	 0.024963743170305364
0.10592823625397131	 1.6885834167275433	 27.54709698203512	 0.024755142312296394
0.10591743416149825	 1.6885834167275433	 27.583121078702582	 0.02473039247905116
0.10590663206902518	 1.688667498086676	 27.89426728353746	 0.024518673339376934
0.1058958299765521	 1.6887515794458088	 28.18614618034985	 0.02432334526334379
0.10588502788407904	 1.6887515794458088	 28.221162592134778	 0.02430012157462933
0.10587422579160594	 1.6888356608049417	 28.52281584639693	 0.024101886200009248
0.10586342369913287	 1.6888356608049417	 28.558937027908073	 0.024078366078711503
0.1058526216066598	 1.6889197421640745	 28.871029559660098	 0.02387705101291938
0.10584181951418672	 1.6890038235232072	 29.163726927032112	 0.023691292470719622
0.10583101742171365	 1.6890038235232072	 29.198834268006784	 0.02366920643812573
0.10582021532924059	 1.68908790488234	 29.50136871088089	 0.023480580587324305
0.10580941323676749	 1.68908790488234	 29.53758738815126	 0.02345820076905335
0.10579861114429442	 1.6891719862414727	 29.850630868868222	 0.023266537941321937
0.10578780905182135	 1.6891719862414727	 29.888032480260808	 0.023243848528958343
0.10577700695934827	 1.689256067600605	 30.21232654577966	 0.023048963860842535
0.1057662048668752	 1.6893401489597377	 30.515746279194957	 0.022869569579507157
0.10575540277440214	 1.6893401489597377	 30.552062865525595	 0.022848285286295084
0.10574460068192904	 1.6894242303188705	 30.866061947845072	 0.0226659021847667
0.10573379858945597	 1.6894242303188705	 30.90356878055507	 0.02264431186122622
0.1057229964969829	 1.6895083116780032	 31.228896955638973	 0.022458758031237192
0.10571219440450982	 1.689592393037136	 31.533206107444805	 0.022287933117509515
0.10570139231203675	 1.689592393037136	 31.56962101853684	 0.022267665987396486
0.10569059021956369	 1.6896764743962687	 31.88458038589824	 0.022093902800335
0.10567978812709058	 1.6896764743962687	 31.922192908142556	 0.02207333363978735
0.10566898603461752	 1.6897605557554014	 32.24856052870626	 0.021896453167851423
0.10565818394214445	 1.6898446371145341	 32.55376325284292	 0.021733597357686922
0.10564738184967137	 1.6898446371145341	 32.59027690681214	 0.021714276333569617
0.10563657975719831	 1.6899287184736669	 32.906201273669474	 0.021548534452530046
0.10562577766472524	 1.6899287184736669	 32.94391995649848	 0.021528915732902387
0.10561497557225213	 1.6900127998327996	 33.27133239558552	 0.021360111609327243
0.10560417347977907	 1.6900127998327996	 33.310337137384565	 0.02134017876984751
0.105593371387306	 1.6900968811919324	 33.65008723616847	 0.021168119592642105
0.10558256929483292	 1.6901809625510649	 33.966981348203724	 0.021010125096794487
0.10557176720235986	 1.6901809625510649	 34.004806665519034	 0.02099142435863272
0.10556096510988676	 1.6902650439101976	 34.33326933357103	 0.02083042645537769
0.1055501630174137	 1.6902650439101976	 34.372389007188914	 0.020811416648466422
0.10553936092494062	 1.6903491252693303	 34.71327965416124	 0.020647225629901702
0.10552855883246755	 1.690433206628463	 35.03114828849842	 0.020496447328834752
0.10551775673999447	 1.690433206628463	 35.069080717070726	 0.020478601789360642
0.10550695464752141	 1.6905172879875958	 35.39859906219752	 0.020324879427838297
0.10549615255504831	 1.6905172879875958	 35.43783420705367	 0.020306730061625936
0.10548535046257525	 1.6906013693467286	 35.779871643876845	 0.020149876972347366
0.10547454837010217	 1.6906854507058613	 36.098719609296545	 0.020005831207558944
0.1054637462776291	 1.6906854507058613	 36.136759628783494	 0.019988783684487633
0.10545294418515602	 1.690769532064994	 36.46733913703412	 0.019841853293692587
0.10544214209268296	 1.690769532064994	 36.5066902959602	 0.019824507315062113
0.10543134000020986	 1.6908536134241268	 36.84988081011303	 0.01967450860891762
0.1054205379077368	 1.6909376947832595	 37.16971294726754	 0.01953675404842403
0.10540973581526372	 1.6909376947832595	 37.207861040231634	 0.019520452348658866
0.10539893372279065	 1.6910217761423922	 37.53950723586609	 0.019379872345780962
0.10538813163031757	 1.6910217761423922	 37.5789749551281	 0.01936327764046769
0.10537732953784451	 1.6911058575015248	 37.92332488025369	 0.01921969142104998
0.10536652744537141	 1.6911058575015248	 37.96420540252282	 0.01920278684156273
0.10535572535289835	 1.6911899388606575	 38.32225062804025	 0.019055995451855746
0.10534492326042527	 1.6912740202197902	 38.65496907380198	 0.01892159058014287
0.1053341211679522	 1.6912740202197902	 38.69455390312231	 0.018905726347694683
0.10532331907547914	 1.691358101578923	 39.04006961937719	 0.018768379897583946
0.10531251698300606	 1.691358101578923	 39.081076795301755	 0.018752211802725013
0.10530171489053297	 1.6914421829380557	 39.44039341598935	 0.01861172802271989
0.1052909127980599	 1.6915262642971884	 39.7741897133784	 0.01848310001816411
0.10528011070558682	 1.6915262642971884	 39.813892205957956	 0.018467919244722283
0.10526930861311375	 1.6916103456563212	 40.16058014036223	 0.018336413402318875
0.10525850652064069	 1.6916103456563212	 40.2017145991094	 0.01832093477634752
0.10524770442816758	 1.691694427015454	 40.56231002648402	 0.01818635847456659
0.10523690233569452	 1.6917785083745867	 40.897189816030846	 0.018063142634883272
0.10522610024322145	 1.6917785083745867	 40.937010528571214	 0.018048602257449038
0.10521529815074837	 1.6918625897337194	 41.28487715535963	 0.017922571243588887
0.1052044960582753	 1.6918625897337194	 41.32613953026811	 0.017907738991725545
0.10519369396580223	 1.6919466710928517	 41.68802123343921	 0.01777870323982479
0.10518289187332913	 1.6919466710928517	 41.730831956048696	 0.01776356148911515
0.10517208978085607	 1.6920307524519844	 42.107880980595255	 0.017631311253364916
0.105161287688383	 1.6921148338111172	 42.4569328215692	 0.0175106288034538
0.10515048559590992	 1.6921148338111172	 42.49832375017685	 0.017496427914239228
0.10513968350343685	 1.69219891517025	 42.861499256304754	 0.017372808581840957
0.10512888141096378	 1.69219891517025	 42.90444949505327	 0.017358304690421357
0.10511807931849068	 1.6922829965293826	 43.282915668236136	 0.017231542102434636
0.10510727722601762	 1.6923670778885154	 43.63315929311645	 0.017115874806333205
0.10509647513354455	 1.6923670778885154	 43.67467941718806	 0.017102265992934403
0.10508567304107147	 1.692451159247648	 44.03915631194347	 0.016983728130741473
0.1050748709485984	 1.692451159247648	 44.0822468007039	 0.016969822723373152
0.10506406885612533	 1.6925352406067808	 44.462138930257986	 0.016848211211294966
0.10505326676365223	 1.6926193219659136	 44.81358095703847	 0.016737252831077194
0.10504246467117917	 1.6926193219659136	 44.855230922593485	 0.016724200000244976
0.1050316625787061	 1.6927034033250463	 45.22101685061838	 0.016610435754924158
0.10502086048623302	 1.6927034033250463	 45.26424832837722	 0.01659709263341822
0.10501005839375996	 1.692787484684179	 45.645575294734456	 0.016480322645675595
0.10499925630128688	 1.692787484684179	 45.69051122246661	 0.016466670751920227
0.1049884542088138	 1.6928715660433116	 46.088728797434655	 0.016346672558161406
0.10497765211634072	 1.6929556474024443	 46.45583146280421	 0.01623759308137878
0.10496685002386764	 1.6929556474024443	 46.49920467369678	 0.01622480164409723
0.10495604793139457	 1.693039728761577	 46.881975430598054	 0.016112786297344132
0.10494524583892151	 1.693039728761577	 46.92706576948105	 0.016099692895512503
0.1049344437464484	 1.6931238101207098	 47.326872437193515	 0.01598452276832785
0.10492364165397534	 1.6932078914798425	 47.69529960387899	 0.015879844609499184
0.10491283956150227	 1.6932078914798425	 47.73881529722466	 0.01586757152653237
0.1049020374690292	 1.6932919728389753	 48.12303887233361	 0.01576002540175776
0.10489123537655612	 1.6932919728389753	 48.168284484387456	 0.01574745701508452
0.10488043328408306	 1.693376054198108	 48.56969080715404	 0.015636827471840836
0.10486963119160995	 1.6934601355572407	 48.93945029948671	 0.015536289613232529
0.1048588290991369	 1.6934601355572407	 48.98310922982409	 0.01552450418624163
0.10484802700666382	 1.6935442169163735	 49.36879472534254	 0.015421164289553283
0.10483722491419074	 1.6935442169163735	 49.41419647891934	 0.01540909006526566
0.10482642282171767	 1.6936282982755062	 49.817213112016205	 0.015302736042054258
0.10481562072924461	 1.6937123796346387	 50.18831281515184	 0.015206097721051198
0.1048048186367715	 1.6937123796346387	 50.23211574227406	 0.01519477162848824
0.10479401654429844	 1.6937964609937715	 50.61927233555895	 0.015095395229154073
0.10478321445182537	 1.6937964609937715	 50.66483110538821	 0.015083786686189744
0.1047724123593523	 1.6938805423529042	 51.069468797890906	 0.01498146339183401
0.10476161026687923	 1.6938805423529042	 51.11692783090492	 0.014969553214292223
0.10475080817440616	 1.693964623712037	 51.54066407516428	 0.014864048872633562
0.10474000608193305	 1.6940487050711697	 51.929301019345864	 0.014768585663422554
0.10472920398945999	 1.6940487050711697	 51.9750176865799	 0.01475743672503929
0.10471840189698692	 1.6941327864303024	 52.381287282198976	 0.014659095743497889
0.10470759980451384	 1.6941327864303024	 52.428919124101654	 0.014647652011601625
0.10469679771204078	 1.6942168677894351	 52.85446202637584	 0.014546202753386207
0.1046859956195677	 1.6943009491485679	 53.24458865097701	 0.014454426227899391
0.10467519352709462	 1.6943009491485679	 53.2904641032363	 0.01444371031992131
0.10466439143462154	 1.6943850305077006	 53.6983765411552	 0.014349122912842004
0.10465358934214847	 1.6943850305077006	 53.74618222031718	 0.014338118863320645
0.10464278724967539	 1.6944691118668334	 54.17354469725612	 0.014240493612589836
0.10463198515720233	 1.694553193225966	 54.56517040881266	 0.014152194426417731
0.10462118306472923	 1.694553193225966	 54.611205540231225	 0.01414188698395673
0.10461038097225617	 1.6946372745850984	 55.02077185594622	 0.014050841622394651
0.10459957887978309	 1.6946372745850984	 55.06875240872608	 0.014040252501347137
0.10458877678731002	 1.6947213559442311	 55.49794749877169	 0.013946237441286827
0.10457797469483694	 1.6947213559442311	 55.54804249161573	 0.013935346305893255
0.10456717260236388	 1.6948054373033639	 55.998798023295734	 0.013838109055169
0.10455637050989078	 1.6948895186624966	 56.41002934945772	 0.01375057659555959
0.10454556841741772	 1.6948895186624966	 56.45818582026138	 0.013740398794725609
0.10453476632494464	 1.6949736000216293	 56.88922668480946	 0.013649966826371276
0.10452396423247157	 1.6949736000216293	 56.93951512526838	 0.013639493993095657
0.10451316213999849	 1.6950576813807623	 57.39232666295577	 0.013545913882194218
0.10450236004752543	 1.695141762739895	 57.80523423021347	 0.013461695083888519
0.10449155795505233	 1.695141762739895	 57.853567671553584	 0.013451905293160484
0.10448075586257927	 1.6952258440990278	 58.286467596119344	 0.013364854748784903
0.10446995377010619	 1.6952258440990278	 58.33695071273248	 0.013354776692681241
0.10445915167763312	 1.6953099254581605	 58.791834097018494	 0.013264649508342724
0.10444834958516006	 1.6953940068172932	 59.20642923486291	 0.013183559927053215
0.10443754749268698	 1.6953940068172932	 59.254940707418186	 0.01317413656414768
0.10442674540021389	 1.695478088176426	 59.689713102804774	 0.013090280648415274
0.10441594330774082	 1.695478088176426	 59.74039213424154	 0.013080575576165541
0.10440514121526774	 1.6955621695355583	 60.197363366494855	 0.012993712056694216
0.10439433912279467	 1.695646250894691	 60.61365750410442	 0.01291558069527284
0.1043835370303216	 1.695646250894691	 60.66234807677893	 0.012906503748543198
0.10437273493784853	 1.6957303322538237	 61.09900648024864	 0.012825669191276558
0.10436193284537544	 1.6957303322538237	 61.14988267538771	 0.012816316884698819
0.10435113075290237	 1.6958144136129565	 61.608957919409086	 0.012732541374763831
0.10434032866042929	 1.6958144136129565	 61.662222011931476	 0.012722892328441909
0.10432952656795622	 1.6958984949720892	 62.146084844839336	 0.01263590476245609
0.10431872447548315	 1.695982576331222	 62.584642921287006	 0.012558085149916624
0.10430792238301005	 1.695982576331222	 62.63571753929537	 0.01254908463738662
0.10429712029053699	 1.6960666576903547	 63.09691312297828	 0.012468392992964688
0.10428631819806392	 1.6960666576903547	 63.15039666118399	 0.012459102633281764
0.10427551610559084	 1.6961507390494874	 63.63663919572603	 0.01237527182714942
0.10426471401311777	 1.6962348204086202	 64.07711073885407	 0.012300301845487992
0.1042539119206447	 1.6962348204086202	 64.12838504926609	 0.012291633845432645
0.1042431098281716	 1.696318901767753	 64.59171746626205	 0.012213858252319213
0.10423230773569854	 1.696318901767753	 64.6454219452645	 0.012204907068428862
0.10422150564322546	 1.6964029831268854	 65.13406408239489	 0.01212406257834986
0.10421070355075239	 1.6964870644860182	 65.57646301588935	 0.012051788788702838
0.10419990145827933	 1.6964870644860182	 65.62793829868559	 0.012043435402356363
0.10418909936580625	 1.696571145845151	 66.09342421007395	 0.011968420018484558
0.10417829727333315	 1.696571145845151	 66.1473511381201	 0.011959789889253683
0.10416749518086009	 1.6966552272042836	 66.63841299748485	 0.011881773344721302
0.10415669308838701	 1.6967393085634164	 67.08275337619214	 0.011812053135312674
0.10414589099591394	 1.6967393085634164	 67.1344309218781	 0.011803997724950329
0.10413508890344088	 1.696823389922549	 67.6020871578391	 0.011731597630714468
0.1041242868109678	 1.696823389922549	 67.65623805641704	 0.011723271703139
0.10411348471849471	 1.6969074712816818	 68.14973997878464	 0.01164793575544526
0.10410268262602164	 1.6969074712816818	 68.2066090855185	 0.01163931663189087
0.10409188053354856	 1.6969915526408146	 68.72891027091596	 0.011560749814785765
0.10408107844107549	 1.6970756339999473	 69.19875383240665	 0.011490976174323068
0.10407027634860243	 1.6970756339999473	 69.2531302363528	 0.011482955492325865
0.10405947425612935	 1.69715971535908	 69.7490927860535	 0.011410313926302786
0.10404867216365626	 1.69715971535908	 69.80621291334295	 0.011402006855180802
0.10403787007118319	 1.6972437967182128	 70.33129988364705	 0.011326206455836452
0.10402706797871011	 1.6973278780773453	 70.80334794407878	 0.011258919214427126
0.10401626588623704	 1.6973278780773453	 70.85795140168503	 0.011251187501007127
0.10400546379376398	 1.697411959436478	 71.35639536905744	 0.011181097720322419
0.10399466170129087	 1.697411959436478	 71.41376835887445	 0.011173086187083117
0.10398385960881781	 1.6974960407956108	 71.94166654767119	 0.011099906926255303
0.10397305751634474	 1.6975801221547435	 72.41593645458794	 0.01103497581746371
0.10396225542387166	 1.6975801221547435	 72.47076852770829	 0.011027517931663488
0.10395145333139859	 1.6976642035138763	 72.97171493155236	 0.010959847238368698
0.10394065123892553	 1.6976642035138763	 73.02934264318081	 0.010952115873329112
0.10392984914645242	 1.697748284873009	 73.56007778863437	 0.01088142248507612
0.10391904705397936	 1.697748284873009	 73.62079680974446	 0.010873392999183102
0.10390824496150629	 1.6978323662321417	 74.18499519621558	 0.01079934703699344
0.10389744286903321	 1.6979164475912745	 74.68846528625005	 0.010734118802963944
0.10388664077656015	 1.6979164475912745	 74.74634959643473	 0.010726670015388658
0.10387583868408708	 1.6980005289504072	 75.27994774497296	 0.01065848900435129
0.10386503659161399	 1.6980005289504072	 75.34095437249303	 0.01065074908340261
0.10385423449914091	 1.69808461030954	 75.90842472853186	 0.010579289828578545
0.10384343240666784	 1.6981686916686722	 76.41443998785516	 0.010516374537052824
0.10383263031419476	 1.6981686916686722	 76.47258279095036	 0.010509193338167399
0.1038218282217217	 1.698252773027805	 77.00907030096414	 0.010443392491496726
0.10381102612924863	 1.698252773027805	 77.07036681324729	 0.010435926893553937
0.10380022403677554	 1.6983368543869377	 77.64114187194784	 0.01036691927594901
0.10378942194430246	 1.6984209357460704	 78.14972401950064	 0.01030619641206956
0.10377861985182939	 1.6984209357460704	 78.20812722761815	 0.010299268853670263
0.10376781775935631	 1.6985050171052032	 78.7475307731728	 0.010235725084926811
0.10375701566688325	 1.6985050171052032	 78.80911947161475	 0.010228519619032506
0.10374621357441018	 1.698589098464336	 79.38323239640793	 0.010161837825232571
0.10373541148193709	 1.6986731798234687	 79.89440338943562	 0.010103195107186241
0.10372460938946401	 1.6986731798234687	 79.95306893259209	 0.010096508192922168
0.10371380729699094	 1.6987572611826014	 80.49541550714811	 0.010035106767539827
0.10370300520451786	 1.6987572611826014	 80.55729871639952	 0.010028148204682697
0.1036922031120448	 1.6988413425417341	 81.13478310682412	 0.009963674897610712
0.1036814010195717	 1.6988413425417341	 81.20025159577649	 0.009956418019778415
0.10367059892709864	 1.6989254239008669	 81.81761970923344	 0.009888502683398902
0.10365979683462556	 1.6990095052599996	 82.36293662937427	 0.00982928067725285
0.10364899474215249	 1.6990095052599996	 82.42511669755224	 0.009822572942963069
0.10363819264967943	 1.6990935866191321	 83.00600659505423	 0.009760348979602092
0.10362739055720635	 1.6990935866191321	 83.07181065483813	 0.009753349904472604
0.10361658846473325	 1.6991776679782649	 83.69311747844782	 0.009687758430539092
0.10360578637226019	 1.6992617493373976	 84.24143238761182	 0.009630602261713703
0.10359498427978711	 1.6992617493373976	 84.3039116865105	 0.009624132274528885
0.10358418218731404	 1.6993458306965303	 84.88824158026726	 0.00956404131946668
0.10357338009484097	 1.6993458306965303	 84.9543841017535	 0.009557286705875922
0.1035625780023679	 1.699429912055663	 85.57967328659889	 0.009493899824863554
0.10355177590989481	 1.6995139934147958	 86.13101415881245	 0.009438703672590162
0.10354097381742174	 1.6995139934147958	 86.19379508411245	 0.009432459244133582
0.10353017172494866	 1.6995980747739285	 86.78159991687741	 0.009374392856552893
0.10351936963247559	 1.6995980747739285	 86.84808382255304	 0.009367870267987945
0.10350856754000252	 1.6996821561330613	 87.47739965557466	 0.009306576745219808
0.10349776544752945	 1.699766237492194	 88.03179479918343	 0.009253241898107901
0.10348696335505636	 1.699766237492194	 88.09487977065994	 0.009247211658205839
0.10347616126258329	 1.6998503188513268	 88.6861949446232	 0.009191068633118665
0.10346535917011021	 1.6998503188513268	 88.75302318890147	 0.009184766462346405
0.10345455707763714	 1.6999344002104595	 89.38641060237987	 0.009125462431969012
0.10344375498516407	 1.6999344002104595	 89.45744704139457	 0.00911885908467525
0.103432952892691	 1.700018481569592	 90.13918442190919	 0.00905596993868822
0.10342215080021791	 1.7001025629287247	 90.73404580456932	 0.00900180032407335
0.10341134870774484	 1.7001025629287247	 90.80122137409815	 0.008995723892355263
0.10340054661527176	 1.7001866442878575	 91.43872595519136	 0.008938464064774887
0.10338974452279868	 1.7001866442878575	 91.51015892768746	 0.0089320934913426
0.10337894243032562	 1.7002707256469902	 92.19672700113682	 0.008871324133101531
0.10336814033785252	 1.700354807006123	 92.79517093117829	 0.008819026185167589
0.10335733824537946	 1.700354807006123	 92.86269684514671	 0.00881316384070993
0.10334653615290638	 1.7004388883652557	 93.50436484547474	 0.008757843623856799
0.10333573406043331	 1.7004388883652557	 93.57619808927808	 0.008751693904198811
0.10332493196796025	 1.7005229697243884	 94.26765674920905	 0.008692936685958167
0.10331412987548717	 1.7006070510835212	 94.86972004238007	 0.008642415540682801
0.10330332778301408	 1.7006070510835212	 94.93759935282247	 0.008636756419111272
0.10329252569054101	 1.700691132442654	 95.58347769809097	 0.008583278243864205
0.10328172359806793	 1.700691132442654	 95.6557149955183	 0.008577338257955855
0.10327092150559486	 1.7007752138017866	 96.35212511276828	 0.008520492706087512
0.1032601194131218	 1.700859295160919	 96.95784506775226	 0.008471659807524928
0.10324931732064872	 1.700859295160919	 97.02608085984991	 0.008466193766539126
0.10323851522817563	 1.7009433765200517	 97.6762171595039	 0.008414466506869523
0.10322771313570256	 1.7009433765200517	 97.7488623378299	 0.008408725868776813
0.10321691104322948	 1.7010274578791844	 98.45028577695213	 0.008353698095401053
0.10320610895075641	 1.7010274578791844	 98.52794018555002	 0.008347650288283378
0.10319530685828335	 1.7011115392383171	 99.28919724845632	 0.00828882377357999
0.10318450476581027	 1.7011956205974499	 99.94363980535391	 0.008238910975137079
0.10317370267333718	 1.7011956205974499	 100.01669673727523	 0.008233376412106789
0.10316290058086411	 1.7012797019565828	 100.7231963730795	 0.008180235855174816
0.10315209848839103	 1.7012797019565828	 100.80132642361727	 0.008174401317073865
0.10314129639591796	 1.7013637833157156	 101.56864524267124	 0.008117539753127345
0.1031304943034449	 1.7014478646748483	 102.22744306276682	 0.008069348204646118
0.10311969221097182	 1.7014478646748483	 102.3009156668619	 0.008064009113624144
0.10310889011849873	 1.701531946033981	 103.0125554010554	 0.008012659559296776
0.10309808802602566	 1.701531946033981	 103.09116603538611	 0.008007027406168932
0.10308728593355258	 1.7016160273931138	 103.8646317204661	 0.007952031329900517
0.10307648384107951	 1.7017001087522465	 104.52783452249118	 0.007905474102195434
0.10306568174860645	 1.7017001087522465	 104.60172676367566	 0.00790032059453423
0.10305487965613334	 1.7017841901113788	 105.31857154158621	 0.007850672266877207
0.10304407756366028	 1.7017841901113788	 105.39766776606794	 0.007845232342954053
0.10303327547118721	 1.7018682714705116	 106.17736700374206	 0.007792008894518908
0.10302247337871413	 1.7018682714705116	 106.2624431100078	 0.0077862451861161084
0.10301167128624107	 1.7019523528296443	 107.11672011303601	 0.00772883963196833
0.103000869193768	 1.702036434188777	 107.83883594039897	 0.007680971837131826
0.10299006710129491	 1.702036434188777	 107.91842282662525	 0.007675732453386366
0.10297926500882183	 1.7021205155479098	 108.70444391050827	 0.007624368673776285
0.10296846291634876	 1.7021205155479098	 108.7900942681744	 0.007618813267535026
0.10295766082387568	 1.7022045969070425	 109.65207525038281	 0.007563351867716378
0.10294685873140262	 1.7022886782661752	 110.37952921017052	 0.007517171300174111
0.10293605663892955	 1.7022886782661752	 110.45961189569363	 0.00751212192744443
0.10292525454645646	 1.702372759625308	 111.25204475707407	 0.0074625211027803395
0.10291445245398338	 1.702372759625308	 111.33827598138149	 0.007457163155000243
0.10290365036151031	 1.7024568409844407	 112.20808469131416	 0.0074035454689892815
0.10289284826903723	 1.7025409223435735	 112.94094496058443	 0.007358965238175545
0.10288204617656417	 1.7025409223435735	 113.02152864963091	 0.007354096071177264
0.1028712440840911	 1.702625003702706	 113.82046488833392	 0.007306168086758126
0.102860441991618	 1.702625003702706	 113.90728369024593	 0.007300997493930888
0.10284963989914493	 1.7027090850618387	 114.7850465203504	 0.007249129876642763
0.10283883780667186	 1.7027931664209714	 115.52338238708894	 0.007206068965498756
0.10282803571419878	 1.7027931664209714	 115.60447235126519	 0.007201370861777349
0.10281723362172572	 1.7028772477801042	 116.41000526671299	 0.007155031648855223
0.10280643152925265	 1.7028772477801042	 116.49741845412032	 0.007150038985658867
0.10279562943677956	 1.702961329139237	 117.38326450083912	 0.007099834021814229
0.10278482734430648	 1.702961329139237	 117.47805337856724	 0.007094503670333793
0.1027740252518334	 1.7030454104983697	 118.4614351379352	 0.007039673314864932
0.10276322315936035	 1.7031294918575024	 119.27365976036114	 0.006995021845736553
0.10275242106688727	 1.7031294918575024	 119.36167423927469	 0.006990217339785933
0.10274161897441417	 1.7032135732166351	 120.25573536392136	 0.0069417844417341175
0.1027308168819411	 1.7032135732166351	 120.35124005889367	 0.006936650467612304
0.10272001478946803	 1.7032976545757679	 121.34491679944168	 0.006883681683597744
0.10270921269699496	 1.7033817359349006	 122.1639299212098	 0.006840628449348186
0.1026984106045219	 1.7033817359349006	 122.25255269693866	 0.0068360020978078554
0.10268760851204882	 1.7034658172940333	 123.15496358728788	 0.0067892479677639185
0.10267680641957573	 1.7034658172940333	 123.25119336599283	 0.0067843000247046325
0.10266600432710266	 1.7035498986531659	 124.25535892660842	 0.006733095302515208
0.10265520223462958	 1.7036339800122986	 125.08125913358413	 0.006691557026619392
0.1026444001421565	 1.7036339800122986	 125.1704973118959	 0.006687099523333455
0.10263359804968344	 1.7037180613714313	 126.08139554440672	 0.006641937307815079
0.10262279595721037	 1.7037180613714313	 126.17835982339238	 0.0066371657648645966
0.10261199386473728	 1.703802142730564	 127.1932129297592	 0.006587634265824141
0.1026011917722642	 1.7038862240896968	 128.0261006326706	 0.00654753337192061
0.10259038967979113	 1.7038862240896968	 128.11596142093117	 0.006543236047942987
0.10257958758731806	 1.7039703054488295	 129.03548752350915	 0.006499584791362843
0.102568785494845	 1.7039703054488295	 129.13319587146492	 0.0064949806722719855
0.10255798340237192	 1.7040543868079623	 130.1589402694171	 0.006447037667197514
0.10254718130989883	 1.7040543868079623	 130.26597409218	 0.006442075724826024
0.10253637921742575	 1.704138468167095	 131.42471445089288	 0.006388843439214972
0.10252557712495268	 1.7042225495262278	 132.35301196608384	 0.006346828762564677
0.1025147750324796	 1.7042225495262278	 132.45147410589414	 0.006342404795864332
0.10250397294000654	 1.7043066308853605	 133.48831869713243	 0.006296190739476087
0.10249317084753347	 1.7043066308853605	 133.59626920214617	 0.006291417904488585
0.10248236875506038	 1.7043907122444928	 134.76944953520723	 0.006240011125272599
0.1024715666625873	 1.7044747936036255	 135.7066650836996	 0.006199544177526415
0.10246076457011423	 1.7044747936036255	 135.8058908944637	 0.006195290553743345
0.10244996247764117	 1.7045588749627583	 136.85404987446003	 0.006150712193417518
0.1024391603851681	 1.7045588749627583	 136.9629305779543	 0.006146118268008029
0.102428358292695	 1.704642956321891	 138.15087824053492	 0.006096438718432658
0.10241755620022193	 1.7047270376810237	 139.09716158483076	 0.006057436990155349
0.10240675410774885	 1.7047270376810237	 139.19716110384277	 0.006053344600324424
0.10239595201527578	 1.7048111190401565	 140.25685410172207	 0.006010315281220983
0.10238514992280272	 1.7048111190401565	 140.36667876824697	 0.006005890790367741
0.10237434783032964	 1.7048952003992892	 141.56973114809645	 0.005957847065433161
0.10236354573785655	 1.704979281758422	 142.52523525619367	 0.005920233834641992
0.10235274364538348	 1.704979281758422	 142.62601868087444	 0.005916294209081201
0.1023419415529104	 1.7050633631175547	 143.69747090102345	 0.005874733302040324
0.10233113946043733	 1.7050633631175547	 143.80825354729205	 0.005870469430800967
0.10232033736796427	 1.7051474444766874	 145.02675840521894	 0.005823976405908262
0.10230953527549119	 1.7051474444766874	 145.14970802924134	 0.00581932606988416
0.1022987331830181	 1.7052315258358202	 146.56020425770544	 0.005766503645406964
0.10228793109054503	 1.7053156071949527	 147.6436466228103	 0.00572657646442579
0.10227712899807195	 1.7053156071949527	 147.75540152147317	 0.0057224895172496085
0.10226632690559888	 1.7053996885540854	 148.9897173403756	 0.0056777351236114515
0.10225552481312582	 1.7053996885540854	 149.11388215835456	 0.005673271851334909
0.10224472272065274	 1.7054837699132182	 150.54605275947316	 0.005622293660937089
0.10223392062817965	 1.7055678512723509	 151.64172205463677	 0.005583908081924901
0.10222311853570658	 1.7055678512723509	 151.75446373797308	 0.005579988045006718
0.1022123164432335	 1.7056519326314836	 153.0049600799662	 0.00553687472340952
0.10220151435076044	 1.7056519326314836	 153.13036085751304	 0.0055325880408667585
0.10219071225828737	 1.7057360139906164	 154.58482045404722	 0.005483350020095968
0.10217991016581426	 1.705820095349749	 155.69295947157764	 0.0054464207680744664
0.1021691080733412	 1.705820095349749	 155.80670273508605	 0.0054426583725138465
0.10215830598086813	 1.7059041767088818	 157.07376060613646	 0.005401095745065691
0.10214750388839505	 1.7059041767088818	 157.20041854929354	 0.005396975951438528
0.10213670179592199	 1.7059882580680146	 158.67780565710936	 0.005349381567110667
0.10212589970344892	 1.7060723394271473	 159.79866334150586	 0.005313829594874869
0.10211509761097583	 1.7060723394271473	 159.91342324737653	 0.005310216249011532
0.10210429551850275	 1.70615642078628	 161.19743546869196	 0.005270120473294521
0.10209349342602968	 1.70615642078628	 161.32537223165068	 0.005266158571296143
0.1020826913335566	 1.7062405021454126	 162.82635031948985	 0.00522011814890135
0.10207188924108354	 1.7063245835045453	 163.96018191207773	 0.0051858700822559065
0.10206108714861047	 1.7063245835045453	 164.07597379252488	 0.005182397811240679
0.10205028505613738	 1.706408664863678	 165.3773453777602	 0.005143691003283744
0.1020394829636643	 1.706408664863678	 165.50658307039438	 0.005139878636894311
0.10202868087119123	 1.7064927462228108	 167.03184165946607	 0.005095308759288414
0.10201787877871815	 1.7064927462228108	 167.17800627759917	 0.005091078236821356
0.10200707668624509	 1.7065768275819435	 169.01601543526203	 0.005038473573489086
0.10199627459377202	 1.7066609089410762	 170.335163972384	 0.005001384583022387
0.10198547250129893	 1.7066609089410762	 170.46572516755384	 0.004997743439503925
0.10197467040882585	 1.706744990300209	 172.01598096997634	 0.004954911307368051
0.10196386831635278	 1.706744990300209	 172.16386631181786	 0.004950863727046881
0.1019530662238797	 1.7068290716593417	 174.03923769543613	 0.004900103509307014
0.10194226413140664	 1.7069131530184745	 175.37659373183936	 0.0048645372437270485
0.10193146203893357	 1.7069131530184745	 175.5085014724159	 0.004861057201716464
0.10192065994646048	 1.7069972343776072	 177.08449956687693	 0.004819860734058081
0.1019098578539874	 1.7069972343776072	 177.2341406724266	 0.004815985421369321
0.10189905576151433	 1.7070813157367395	 179.1482994394673	 0.004766958203184141
0.10188825366904126	 1.7071653970958722	 180.50430686864075	 0.004732827007191577
0.10187745157656819	 1.7071653970958722	 180.63758467419547	 0.004729498736465368
0.1018666494840951	 1.707249478455005	 182.24009971639242	 0.004689843740792668
0.10185584739162203	 1.707249478455005	 182.39153249949908	 0.004686130849611383
0.10184504529914895	 1.7073335598141377	 184.34597952145847	 0.004638733507998597
0.10183424320667588	 1.7074176411732704	 185.72109596916908	 0.004605956459663954
0.10182344111420281	 1.7074176411732704	 185.85576784226686	 0.00460277134594387
0.10181263902172974	 1.7075017225324032	 187.48560530669957	 0.004564570780011444
0.10180183692925665	 1.7075017225324032	 187.63886657180225	 0.004561011214617462
0.10179103483678358	 1.7075858038915361	 189.63518315747257	 0.004515148171458623
0.1017802327443105	 1.7075858038915361	 189.81290194138626	 0.004511109989600017
0.10176943065183743	 1.7076698852506689	 192.37564483453252	 0.00445367191982268
0.10175862855936436	 1.7077539666098016	 194.03364228302274	 0.004417285052951987
0.10174782646689129	 1.7077539666098016	 194.18876974115636	 0.004413910996938407
0.1017370243744182	 1.7078380479689343	 196.22862263497063	 0.004370018801789252
0.10172622228194513	 1.7078380479689343	 196.40889844832157	 0.0043661817196040675
0.10171542018947205	 1.707922129328067	 199.0462918124885	 0.004310807192603994
0.10170461809699897	 1.7080062106871994	 200.73332018334952	 0.004276117570166498
0.10169381600452591	 1.7080062106871994	 200.8903524672391	 0.004272916983678352
0.10168301391205284	 1.7080902920463321	 202.97549912367933	 0.004230868129239852
0.10167221181957975	 1.7080902920463321	 203.15839581842204	 0.00422721932280571
0.10166140972710667	 1.7081743734054649	 205.87464395085095	 0.004173761790962895
0.1016506076346336	 1.7082584547645976	 207.59160886087983	 0.004140663127263457
0.10163980554216054	 1.7082584547645976	 207.75058553892438	 0.0041376250163998474
0.10162900344968746	 1.7083425361237303	 209.88287966849214	 0.004097302957346207
0.10161820135721439	 1.7083425361237303	 210.06846303556614	 0.004093830710504302
0.1016073992647413	 1.708426617482863	 212.86811141855532	 0.004042155010359169
0.10159659717226822	 1.7085106988419958	 214.61595446791748	 0.0040105501372273405
0.10158579507979515	 1.7085106988419958	 214.77691605683987	 0.004007664444720201
0.10157499298732209	 1.7085947802011285	 216.95831343167941	 0.00396896248493403
0.10156419089484901	 1.7085947802011285	 217.14665124402362	 0.003965656074955524
0.10155338880237592	 1.7086788615602613	 220.0346209583763	 0.003915637209486494
0.10154258670990285	 1.7086788615602613	 220.261398591557	 0.003911762889789824
0.10153178461742977	 1.708762942919394	 224.464796227916	 0.003841314935271679
0.1015209825249567	 1.7088470242785265	 226.69736072531913	 0.003804920236330029
0.10151018043248364	 1.7088470242785265	 226.8885227779436	 0.0038018360064298235
0.10149937834001056	 1.7089311056376593	 229.8701486785675	 0.003754369592345848
0.10148857624753747	 1.7089311056376593	 230.10111532606737	 0.0037507421283901623
0.1014777741550644	 1.709015186996792	 234.51584882633378	 0.0036827299696047407
0.10146697206259132	 1.7090992683559247	 236.80175867535576	 0.0036484745927522384
0.10145616997011825	 1.7090992683559247	 236.99581682167525	 0.00364559588349389
0.10144536787764519	 1.7091833497150575	 240.07688979991906	 0.0036004918553680476
0.10143456578517211	 1.7091833497150575	 240.31218017545484	 0.0035970932746929984
0.10142376369269902	 1.7092674310741902	 244.95998197626162	 0.0035312512255859605
0.10141296160022595	 1.709351512433323	 247.30153615569392	 0.0034989853022469874
0.10140215950775287	 1.709351512433323	 247.49856433920303	 0.003496297200323164
0.1013913574152798	 1.7094355937924557	 250.68537796362295	 0.0034533856631578565
0.10138055532280674	 1.7094355937924557	 250.92513199691643	 0.003450199879372561
0.10136975323033366	 1.7095196751515884	 255.8311678372455	 0.0033862773129481505
0.10135895113786057	 1.7096037565107212	 258.23079255115545	 0.0033558669736783206
0.1013481490453875	 1.7096037565107212	 258.43086683138154	 0.0033533561035418735
0.10133734695291442	 1.709687837869854	 261.7302685858634	 0.0033124851658399325
0.10132654486044136	 1.709687837869854	 261.97463155809817	 0.003309497758700747
0.10131574276796829	 1.7097719192289864	 267.1682364955382	 0.003247255374349926
0.10130494067549521	 1.7097719192289864	 267.4817336096105	 0.0032435731668101217
0.10129413858302212	 1.7098560005881192	 277.84040664171226	 0.003126433560272665
0.10128333649054905	 1.7099400819472519	 281.2598538456474	 0.0030896016253826783
0.10127253439807597	 1.7099400819472519	 281.50897650834185	 0.0030869521490776808
0.10126173230560291	 1.7100241633063846	 287.0245892935021	 0.0030294351958140685
0.10125093021312984	 1.7100241633063846	 287.346156242745	 0.003026147967304931
0.10124012812065675	 1.7101082446655174	 299.07600553159915	 0.002910931757563304
0.10122932602818367	 1.71019232602465	 302.62362579936115	 0.002877794356021205
0.1012185239357106	 1.71019232602465	 302.8776644713827	 0.002875450382273538
0.10120772184323752	 1.7102764073837828	 308.7560232450983	 0.0028222588498000175
0.10119691975076446	 1.7102764073837828	 309.0860226478103	 0.0028193310849544974
0.10118611765829139	 1.7103604887429156	 322.5828040835792	 0.002704582080279473
0.1011753155658183	 1.7104445701020483	 326.26745981339224	 0.00267486120260034
0.10116451347334522	 1.7104445701020483	 326.526576449782	 0.0026727957103057534
0.10115371138087215	 1.710528651461181	 332.8162603153056	 0.0026236196851258243
0.10114290928839907	 1.710528651461181	 333.1550740627645	 0.0026210219956921753
0.10113210719592601	 1.7106127328203138	 348.99844481989135	 0.0025050427362751644
0.10112130510345294	 1.710696814179446	 352.82980062774817	 0.0024785212305995586
0.10111050301097985	 1.710696814179446	 353.0941628527971	 0.0024767119595254326
0.10109970091850677	 1.7107808955385788	 359.8535918614679	 0.0024313321306114887
0.1010888988260337	 1.7107808955385788	 360.20162168320445	 0.0024290406006751593
0.10107809673356062	 1.7108649768977116	 379.2691779678437	 0.0023097733351172527
0.10106729464108756	 1.7109490582568443	 383.2577691030174	 0.0022862914194004325
0.10105649254861448	 1.7109490582568443	 383.52755019859717	 0.002284720378073894
0.1010456904561414	 1.711033139615977	 390.82759006021365	 0.0022430143340508523
0.10103488836366832	 1.711033139615977	 391.18525792077514	 0.002241010039054819
0.10102408627119525	 1.7111172209751098	 414.8272015848843	 0.002116028445525494
0.10101328417872218	 1.7111172209751098	 415.3569438271024	 0.0021133875282930673
0.10100248208624911	 1.7112013023342425	 424.5061897902732	 0.002068794366986973
0.10099167999377603	 1.7112853836933752	 432.433541365578	 0.002031651458772894
0.10098087790130295	 1.7112853836933752	 432.80128962551936	 0.0020299607599378084
0.10097007580882987	 1.711369465052508	 462.9615553339843	 0.0019002702089839325
0.1009592737163568	 1.711369465052508	 463.51438368578306	 0.0018980475407423842
0.10094847162388373	 1.7114535464116407	 472.1415579906086	 0.0018640234457946248
0.10093766953141066	 1.7115376277707732	 480.8031245615672	 0.001831069464199579
0.10092686743893757	 1.7115376277707732	 481.18141581710523	 0.0018296567516292678
0.1009160653464645	 1.711621709129906	 519.505667587568	 0.0016970169853484601
0.10090526325399142	 1.711621709129906	 520.0833029807806	 0.001695164785926567
0.10089446116151835	 1.7117057904890387	 528.1946425641281	 0.0016695762851309695
0.10088365906904528	 1.7117898718481714	 537.7229986896166	 0.0016404873586119734
0.10087285697657221	 1.7117898718481714	 538.1123151829788	 0.0016393203658731973
0.10086205488409912	 1.7118739532073042	 581.4149187532892	 0.0015191239029586964
0.10085125279162604	 1.7118739532073042	 582.0192163183863	 0.001517571136534987
0.10084045069915297	 1.711958034566437	 589.6362912547008	 0.0014982675350149184
0.1008296486066799	 1.7120421159255697	 600.1960583415988	 0.0014723048131697956
0.10081884651420683	 1.7120421159255697	 600.5969008069877	 0.0014713370018985866
0.10080804442173376	 1.7121261972847024	 639.6304280657871	 0.0013828218934514832
0.10079724232926067	 1.7121261972847024	 640.2633731755747	 0.00138147426351371
0.1007864402367876	 1.7122102786438351	 647.4162892157559	 0.0013664253091876897
0.10077563814431452	 1.7122102786438351	 648.9191265481056	 0.0013633050959941412
0.10076483605184146	 1.7122943600029679	 652.8219937874643	 0.0013552680830285677
0.10075403395936838	 1.7123784413621006	 683.688458301981	 0.001294896132564565
0.10074323186689531	 1.7123784413621006	 684.3521534163287	 0.0012936570307627833